MelbournePedestrian,z_normalization_KNeighborsTimeSeriesClassifier_twe (KNeighborsTimeSeriesClassifier),TEST,11,MILLISECONDS,Generated by run_classification_experiment on 09/16/2025, 06:15:37. Encoder dictionary: {1: 0, 2: 1, 3: 2, 4: 3, 5: 4, 6: 5, 7: 6, 8: 7, 9: 8, 10: 9}
{'distance': 'twe', 'distance_params': None, 'n_jobs': 1, 'n_neighbors': 1, 'weights': 'uniform'}
0.8343583435834359,3,1158654,3108,32768,10,N/A,-1,-1
5,5,,0.0,0.0,0.0,0.0,0.0,1.0,0.0,0.0,0.0,0.0
4,4,,0.0,0.0,0.0,0.0,1.0,0.0,0.0,0.0,0.0,0.0
5,3,,0.0,0.0,0.0,1.0,0.0,0.0,0.0,0.0,0.0,0.0
3,3,,0.0,0.0,0.0,1.0,0.0,0.0,0.0,0.0,0.0,0.0
7,7,,0.0,0.0,0.0,0.0,0.0,0.0,0.0,1.0,0.0,0.0
1,1,,0.0,1.0,0.0,0.0,0.0,0.0,0.0,0.0,0.0,0.0
1,1,,0.0,1.0,0.0,0.0,0.0,0.0,0.0,0.0,0.0,0.0
6,6,,0.0,0.0,0.0,0.0,0.0,0.0,1.0,0.0,0.0,0.0
8,7,,0.0,0.0,0.0,0.0,0.0,0.0,0.0,1.0,0.0,0.0
9,9,,0.0,0.0,0.0,0.0,0.0,0.0,0.0,0.0,0.0,1.0
8,8,,0.0,0.0,0.0,0.0,0.0,0.0,0.0,0.0,1.0,0.0
0,0,,1.0,0.0,0.0,0.0,0.0,0.0,0.0,0.0,0.0,0.0
0,0,,1.0,0.0,0.0,0.0,0.0,0.0,0.0,0.0,0.0,0.0
1,1,,0.0,1.0,0.0,0.0,0.0,0.0,0.0,0.0,0.0,0.0
5,5,,0.0,0.0,0.0,0.0,0.0,1.0,0.0,0.0,0.0,0.0
1,1,,0.0,1.0,0.0,0.0,0.0,0.0,0.0,0.0,0.0,0.0
6,6,,0.0,0.0,0.0,0.0,0.0,0.0,1.0,0.0,0.0,0.0
5,5,,0.0,0.0,0.0,0.0,0.0,1.0,0.0,0.0,0.0,0.0
2,2,,0.0,0.0,1.0,0.0,0.0,0.0,0.0,0.0,0.0,0.0
4,4,,0.0,0.0,0.0,0.0,1.0,0.0,0.0,0.0,0.0,0.0
2,2,,0.0,0.0,1.0,0.0,0.0,0.0,0.0,0.0,0.0,0.0
1,8,,0.0,0.0,0.0,0.0,0.0,0.0,0.0,0.0,1.0,0.0
1,1,,0.0,1.0,0.0,0.0,0.0,0.0,0.0,0.0,0.0,0.0
2,2,,0.0,0.0,1.0,0.0,0.0,0.0,0.0,0.0,0.0,0.0
2,9,,0.0,0.0,0.0,0.0,0.0,0.0,0.0,0.0,0.0,1.0
9,9,,0.0,0.0,0.0,0.0,0.0,0.0,0.0,0.0,0.0,1.0
5,5,,0.0,0.0,0.0,0.0,0.0,1.0,0.0,0.0,0.0,0.0
5,5,,0.0,0.0,0.0,0.0,0.0,1.0,0.0,0.0,0.0,0.0
2,9,,0.0,0.0,0.0,0.0,0.0,0.0,0.0,0.0,0.0,1.0
3,3,,0.0,0.0,0.0,1.0,0.0,0.0,0.0,0.0,0.0,0.0
4,4,,0.0,0.0,0.0,0.0,1.0,0.0,0.0,0.0,0.0,0.0
9,0,,1.0,0.0,0.0,0.0,0.0,0.0,0.0,0.0,0.0,0.0
1,1,,0.0,1.0,0.0,0.0,0.0,0.0,0.0,0.0,0.0,0.0
3,3,,0.0,0.0,0.0,1.0,0.0,0.0,0.0,0.0,0.0,0.0
4,4,,0.0,0.0,0.0,0.0,1.0,0.0,0.0,0.0,0.0,0.0
1,1,,0.0,1.0,0.0,0.0,0.0,0.0,0.0,0.0,0.0,0.0
1,1,,0.0,1.0,0.0,0.0,0.0,0.0,0.0,0.0,0.0,0.0
3,3,,0.0,0.0,0.0,1.0,0.0,0.0,0.0,0.0,0.0,0.0
1,8,,0.0,0.0,0.0,0.0,0.0,0.0,0.0,0.0,1.0,0.0
6,6,,0.0,0.0,0.0,0.0,0.0,0.0,1.0,0.0,0.0,0.0
1,8,,0.0,0.0,0.0,0.0,0.0,0.0,0.0,0.0,1.0,0.0
6,6,,0.0,0.0,0.0,0.0,0.0,0.0,1.0,0.0,0.0,0.0
7,7,,0.0,0.0,0.0,0.0,0.0,0.0,0.0,1.0,0.0,0.0
1,1,,0.0,1.0,0.0,0.0,0.0,0.0,0.0,0.0,0.0,0.0
9,9,,0.0,0.0,0.0,0.0,0.0,0.0,0.0,0.0,0.0,1.0
9,9,,0.0,0.0,0.0,0.0,0.0,0.0,0.0,0.0,0.0,1.0
6,6,,0.0,0.0,0.0,0.0,0.0,0.0,1.0,0.0,0.0,0.0
5,5,,0.0,0.0,0.0,0.0,0.0,1.0,0.0,0.0,0.0,0.0
4,4,,0.0,0.0,0.0,0.0,1.0,0.0,0.0,0.0,0.0,0.0
7,4,,0.0,0.0,0.0,0.0,1.0,0.0,0.0,0.0,0.0,0.0
7,7,,0.0,0.0,0.0,0.0,0.0,0.0,0.0,1.0,0.0,0.0
3,3,,0.0,0.0,0.0,1.0,0.0,0.0,0.0,0.0,0.0,0.0
0,0,,1.0,0.0,0.0,0.0,0.0,0.0,0.0,0.0,0.0,0.0
7,7,,0.0,0.0,0.0,0.0,0.0,0.0,0.0,1.0,0.0,0.0
8,8,,0.0,0.0,0.0,0.0,0.0,0.0,0.0,0.0,1.0,0.0
8,0,,1.0,0.0,0.0,0.0,0.0,0.0,0.0,0.0,0.0,0.0
5,5,,0.0,0.0,0.0,0.0,0.0,1.0,0.0,0.0,0.0,0.0
4,4,,0.0,0.0,0.0,0.0,1.0,0.0,0.0,0.0,0.0,0.0
2,2,,0.0,0.0,1.0,0.0,0.0,0.0,0.0,0.0,0.0,0.0
1,1,,0.0,1.0,0.0,0.0,0.0,0.0,0.0,0.0,0.0,0.0
3,3,,0.0,0.0,0.0,1.0,0.0,0.0,0.0,0.0,0.0,0.0
1,8,,0.0,0.0,0.0,0.0,0.0,0.0,0.0,0.0,1.0,0.0
6,6,,0.0,0.0,0.0,0.0,0.0,0.0,1.0,0.0,0.0,0.0
6,6,,0.0,0.0,0.0,0.0,0.0,0.0,1.0,0.0,0.0,0.0
1,1,,0.0,1.0,0.0,0.0,0.0,0.0,0.0,0.0,0.0,0.0
2,2,,0.0,0.0,1.0,0.0,0.0,0.0,0.0,0.0,0.0,0.0
7,7,,0.0,0.0,0.0,0.0,0.0,0.0,0.0,1.0,0.0,0.0
5,8,,0.0,0.0,0.0,0.0,0.0,0.0,0.0,0.0,1.0,0.0
4,4,,0.0,0.0,0.0,0.0,1.0,0.0,0.0,0.0,0.0,0.0
2,4,,0.0,0.0,0.0,0.0,1.0,0.0,0.0,0.0,0.0,0.0
5,5,,0.0,0.0,0.0,0.0,0.0,1.0,0.0,0.0,0.0,0.0
2,2,,0.0,0.0,1.0,0.0,0.0,0.0,0.0,0.0,0.0,0.0
6,6,,0.0,0.0,0.0,0.0,0.0,0.0,1.0,0.0,0.0,0.0
1,1,,0.0,1.0,0.0,0.0,0.0,0.0,0.0,0.0,0.0,0.0
0,0,,1.0,0.0,0.0,0.0,0.0,0.0,0.0,0.0,0.0,0.0
3,3,,0.0,0.0,0.0,1.0,0.0,0.0,0.0,0.0,0.0,0.0
6,6,,0.0,0.0,0.0,0.0,0.0,0.0,1.0,0.0,0.0,0.0
5,5,,0.0,0.0,0.0,0.0,0.0,1.0,0.0,0.0,0.0,0.0
4,4,,0.0,0.0,0.0,0.0,1.0,0.0,0.0,0.0,0.0,0.0
5,5,,0.0,0.0,0.0,0.0,0.0,1.0,0.0,0.0,0.0,0.0
8,9,,0.0,0.0,0.0,0.0,0.0,0.0,0.0,0.0,0.0,1.0
9,5,,0.0,0.0,0.0,0.0,0.0,1.0,0.0,0.0,0.0,0.0
2,2,,0.0,0.0,1.0,0.0,0.0,0.0,0.0,0.0,0.0,0.0
9,3,,0.0,0.0,0.0,1.0,0.0,0.0,0.0,0.0,0.0,0.0
0,0,,1.0,0.0,0.0,0.0,0.0,0.0,0.0,0.0,0.0,0.0
8,8,,0.0,0.0,0.0,0.0,0.0,0.0,0.0,0.0,1.0,0.0
4,4,,0.0,0.0,0.0,0.0,1.0,0.0,0.0,0.0,0.0,0.0
4,4,,0.0,0.0,0.0,0.0,1.0,0.0,0.0,0.0,0.0,0.0
9,9,,0.0,0.0,0.0,0.0,0.0,0.0,0.0,0.0,0.0,1.0
0,0,,1.0,0.0,0.0,0.0,0.0,0.0,0.0,0.0,0.0,0.0
6,6,,0.0,0.0,0.0,0.0,0.0,0.0,1.0,0.0,0.0,0.0
5,5,,0.0,0.0,0.0,0.0,0.0,1.0,0.0,0.0,0.0,0.0
5,9,,0.0,0.0,0.0,0.0,0.0,0.0,0.0,0.0,0.0,1.0
4,4,,0.0,0.0,0.0,0.0,1.0,0.0,0.0,0.0,0.0,0.0
6,6,,0.0,0.0,0.0,0.0,0.0,0.0,1.0,0.0,0.0,0.0
7,7,,0.0,0.0,0.0,0.0,0.0,0.0,0.0,1.0,0.0,0.0
4,4,,0.0,0.0,0.0,0.0,1.0,0.0,0.0,0.0,0.0,0.0
5,5,,0.0,0.0,0.0,0.0,0.0,1.0,0.0,0.0,0.0,0.0
6,6,,0.0,0.0,0.0,0.0,0.0,0.0,1.0,0.0,0.0,0.0
0,0,,1.0,0.0,0.0,0.0,0.0,0.0,0.0,0.0,0.0,0.0
3,3,,0.0,0.0,0.0,1.0,0.0,0.0,0.0,0.0,0.0,0.0
4,4,,0.0,0.0,0.0,0.0,1.0,0.0,0.0,0.0,0.0,0.0
4,4,,0.0,0.0,0.0,0.0,1.0,0.0,0.0,0.0,0.0,0.0
2,2,,0.0,0.0,1.0,0.0,0.0,0.0,0.0,0.0,0.0,0.0
2,2,,0.0,0.0,1.0,0.0,0.0,0.0,0.0,0.0,0.0,0.0
6,6,,0.0,0.0,0.0,0.0,0.0,0.0,1.0,0.0,0.0,0.0
1,1,,0.0,1.0,0.0,0.0,0.0,0.0,0.0,0.0,0.0,0.0
9,3,,0.0,0.0,0.0,1.0,0.0,0.0,0.0,0.0,0.0,0.0
7,7,,0.0,0.0,0.0,0.0,0.0,0.0,0.0,1.0,0.0,0.0
9,9,,0.0,0.0,0.0,0.0,0.0,0.0,0.0,0.0,0.0,1.0
2,9,,0.0,0.0,0.0,0.0,0.0,0.0,0.0,0.0,0.0,1.0
6,6,,0.0,0.0,0.0,0.0,0.0,0.0,1.0,0.0,0.0,0.0
7,7,,0.0,0.0,0.0,0.0,0.0,0.0,0.0,1.0,0.0,0.0
5,0,,1.0,0.0,0.0,0.0,0.0,0.0,0.0,0.0,0.0,0.0
5,3,,0.0,0.0,0.0,1.0,0.0,0.0,0.0,0.0,0.0,0.0
3,3,,0.0,0.0,0.0,1.0,0.0,0.0,0.0,0.0,0.0,0.0
5,3,,0.0,0.0,0.0,1.0,0.0,0.0,0.0,0.0,0.0,0.0
4,4,,0.0,0.0,0.0,0.0,1.0,0.0,0.0,0.0,0.0,0.0
1,1,,0.0,1.0,0.0,0.0,0.0,0.0,0.0,0.0,0.0,0.0
4,4,,0.0,0.0,0.0,0.0,1.0,0.0,0.0,0.0,0.0,0.0
5,5,,0.0,0.0,0.0,0.0,0.0,1.0,0.0,0.0,0.0,0.0
4,4,,0.0,0.0,0.0,0.0,1.0,0.0,0.0,0.0,0.0,0.0
4,4,,0.0,0.0,0.0,0.0,1.0,0.0,0.0,0.0,0.0,0.0
4,4,,0.0,0.0,0.0,0.0,1.0,0.0,0.0,0.0,0.0,0.0
0,0,,1.0,0.0,0.0,0.0,0.0,0.0,0.0,0.0,0.0,0.0
6,6,,0.0,0.0,0.0,0.0,0.0,0.0,1.0,0.0,0.0,0.0
6,6,,0.0,0.0,0.0,0.0,0.0,0.0,1.0,0.0,0.0,0.0
6,6,,0.0,0.0,0.0,0.0,0.0,0.0,1.0,0.0,0.0,0.0
7,5,,0.0,0.0,0.0,0.0,0.0,1.0,0.0,0.0,0.0,0.0
0,0,,1.0,0.0,0.0,0.0,0.0,0.0,0.0,0.0,0.0,0.0
3,3,,0.0,0.0,0.0,1.0,0.0,0.0,0.0,0.0,0.0,0.0
7,7,,0.0,0.0,0.0,0.0,0.0,0.0,0.0,1.0,0.0,0.0
2,9,,0.0,0.0,0.0,0.0,0.0,0.0,0.0,0.0,0.0,1.0
0,0,,1.0,0.0,0.0,0.0,0.0,0.0,0.0,0.0,0.0,0.0
7,9,,0.0,0.0,0.0,0.0,0.0,0.0,0.0,0.0,0.0,1.0
1,2,,0.0,0.0,1.0,0.0,0.0,0.0,0.0,0.0,0.0,0.0
3,3,,0.0,0.0,0.0,1.0,0.0,0.0,0.0,0.0,0.0,0.0
3,3,,0.0,0.0,0.0,1.0,0.0,0.0,0.0,0.0,0.0,0.0
2,2,,0.0,0.0,1.0,0.0,0.0,0.0,0.0,0.0,0.0,0.0
6,6,,0.0,0.0,0.0,0.0,0.0,0.0,1.0,0.0,0.0,0.0
5,5,,0.0,0.0,0.0,0.0,0.0,1.0,0.0,0.0,0.0,0.0
2,9,,0.0,0.0,0.0,0.0,0.0,0.0,0.0,0.0,0.0,1.0
8,8,,0.0,0.0,0.0,0.0,0.0,0.0,0.0,0.0,1.0,0.0
3,3,,0.0,0.0,0.0,1.0,0.0,0.0,0.0,0.0,0.0,0.0
8,8,,0.0,0.0,0.0,0.0,0.0,0.0,0.0,0.0,1.0,0.0
3,3,,0.0,0.0,0.0,1.0,0.0,0.0,0.0,0.0,0.0,0.0
5,3,,0.0,0.0,0.0,1.0,0.0,0.0,0.0,0.0,0.0,0.0
9,2,,0.0,0.0,1.0,0.0,0.0,0.0,0.0,0.0,0.0,0.0
4,4,,0.0,0.0,0.0,0.0,1.0,0.0,0.0,0.0,0.0,0.0
3,3,,0.0,0.0,0.0,1.0,0.0,0.0,0.0,0.0,0.0,0.0
4,4,,0.0,0.0,0.0,0.0,1.0,0.0,0.0,0.0,0.0,0.0
4,4,,0.0,0.0,0.0,0.0,1.0,0.0,0.0,0.0,0.0,0.0
3,3,,0.0,0.0,0.0,1.0,0.0,0.0,0.0,0.0,0.0,0.0
8,8,,0.0,0.0,0.0,0.0,0.0,0.0,0.0,0.0,1.0,0.0
1,1,,0.0,1.0,0.0,0.0,0.0,0.0,0.0,0.0,0.0,0.0
7,7,,0.0,0.0,0.0,0.0,0.0,0.0,0.0,1.0,0.0,0.0
5,7,,0.0,0.0,0.0,0.0,0.0,0.0,0.0,1.0,0.0,0.0
8,5,,0.0,0.0,0.0,0.0,0.0,1.0,0.0,0.0,0.0,0.0
1,1,,0.0,1.0,0.0,0.0,0.0,0.0,0.0,0.0,0.0,0.0
1,1,,0.0,1.0,0.0,0.0,0.0,0.0,0.0,0.0,0.0,0.0
8,8,,0.0,0.0,0.0,0.0,0.0,0.0,0.0,0.0,1.0,0.0
8,8,,0.0,0.0,0.0,0.0,0.0,0.0,0.0,0.0,1.0,0.0
3,3,,0.0,0.0,0.0,1.0,0.0,0.0,0.0,0.0,0.0,0.0
0,0,,1.0,0.0,0.0,0.0,0.0,0.0,0.0,0.0,0.0,0.0
2,2,,0.0,0.0,1.0,0.0,0.0,0.0,0.0,0.0,0.0,0.0
5,5,,0.0,0.0,0.0,0.0,0.0,1.0,0.0,0.0,0.0,0.0
2,9,,0.0,0.0,0.0,0.0,0.0,0.0,0.0,0.0,0.0,1.0
1,1,,0.0,1.0,0.0,0.0,0.0,0.0,0.0,0.0,0.0,0.0
9,9,,0.0,0.0,0.0,0.0,0.0,0.0,0.0,0.0,0.0,1.0
7,7,,0.0,0.0,0.0,0.0,0.0,0.0,0.0,1.0,0.0,0.0
0,0,,1.0,0.0,0.0,0.0,0.0,0.0,0.0,0.0,0.0,0.0
2,4,,0.0,0.0,0.0,0.0,1.0,0.0,0.0,0.0,0.0,0.0
2,8,,0.0,0.0,0.0,0.0,0.0,0.0,0.0,0.0,1.0,0.0
7,7,,0.0,0.0,0.0,0.0,0.0,0.0,0.0,1.0,0.0,0.0
0,0,,1.0,0.0,0.0,0.0,0.0,0.0,0.0,0.0,0.0,0.0
3,3,,0.0,0.0,0.0,1.0,0.0,0.0,0.0,0.0,0.0,0.0
0,0,,1.0,0.0,0.0,0.0,0.0,0.0,0.0,0.0,0.0,0.0
1,1,,0.0,1.0,0.0,0.0,0.0,0.0,0.0,0.0,0.0,0.0
2,2,,0.0,0.0,1.0,0.0,0.0,0.0,0.0,0.0,0.0,0.0
5,5,,0.0,0.0,0.0,0.0,0.0,1.0,0.0,0.0,0.0,0.0
5,5,,0.0,0.0,0.0,0.0,0.0,1.0,0.0,0.0,0.0,0.0
8,8,,0.0,0.0,0.0,0.0,0.0,0.0,0.0,0.0,1.0,0.0
6,6,,0.0,0.0,0.0,0.0,0.0,0.0,1.0,0.0,0.0,0.0
9,9,,0.0,0.0,0.0,0.0,0.0,0.0,0.0,0.0,0.0,1.0
2,2,,0.0,0.0,1.0,0.0,0.0,0.0,0.0,0.0,0.0,0.0
7,7,,0.0,0.0,0.0,0.0,0.0,0.0,0.0,1.0,0.0,0.0
1,1,,0.0,1.0,0.0,0.0,0.0,0.0,0.0,0.0,0.0,0.0
1,1,,0.0,1.0,0.0,0.0,0.0,0.0,0.0,0.0,0.0,0.0
2,9,,0.0,0.0,0.0,0.0,0.0,0.0,0.0,0.0,0.0,1.0
3,3,,0.0,0.0,0.0,1.0,0.0,0.0,0.0,0.0,0.0,0.0
7,7,,0.0,0.0,0.0,0.0,0.0,0.0,0.0,1.0,0.0,0.0
5,5,,0.0,0.0,0.0,0.0,0.0,1.0,0.0,0.0,0.0,0.0
0,0,,1.0,0.0,0.0,0.0,0.0,0.0,0.0,0.0,0.0,0.0
9,3,,0.0,0.0,0.0,1.0,0.0,0.0,0.0,0.0,0.0,0.0
9,2,,0.0,0.0,1.0,0.0,0.0,0.0,0.0,0.0,0.0,0.0
6,6,,0.0,0.0,0.0,0.0,0.0,0.0,1.0,0.0,0.0,0.0
7,7,,0.0,0.0,0.0,0.0,0.0,0.0,0.0,1.0,0.0,0.0
9,9,,0.0,0.0,0.0,0.0,0.0,0.0,0.0,0.0,0.0,1.0
0,0,,1.0,0.0,0.0,0.0,0.0,0.0,0.0,0.0,0.0,0.0
2,2,,0.0,0.0,1.0,0.0,0.0,0.0,0.0,0.0,0.0,0.0
6,6,,0.0,0.0,0.0,0.0,0.0,0.0,1.0,0.0,0.0,0.0
7,7,,0.0,0.0,0.0,0.0,0.0,0.0,0.0,1.0,0.0,0.0
2,2,,0.0,0.0,1.0,0.0,0.0,0.0,0.0,0.0,0.0,0.0
4,4,,0.0,0.0,0.0,0.0,1.0,0.0,0.0,0.0,0.0,0.0
8,8,,0.0,0.0,0.0,0.0,0.0,0.0,0.0,0.0,1.0,0.0
2,9,,0.0,0.0,0.0,0.0,0.0,0.0,0.0,0.0,0.0,1.0
1,1,,0.0,1.0,0.0,0.0,0.0,0.0,0.0,0.0,0.0,0.0
2,2,,0.0,0.0,1.0,0.0,0.0,0.0,0.0,0.0,0.0,0.0
4,4,,0.0,0.0,0.0,0.0,1.0,0.0,0.0,0.0,0.0,0.0
9,9,,0.0,0.0,0.0,0.0,0.0,0.0,0.0,0.0,0.0,1.0
1,1,,0.0,1.0,0.0,0.0,0.0,0.0,0.0,0.0,0.0,0.0
3,5,,0.0,0.0,0.0,0.0,0.0,1.0,0.0,0.0,0.0,0.0
6,6,,0.0,0.0,0.0,0.0,0.0,0.0,1.0,0.0,0.0,0.0
7,5,,0.0,0.0,0.0,0.0,0.0,1.0,0.0,0.0,0.0,0.0
9,3,,0.0,0.0,0.0,1.0,0.0,0.0,0.0,0.0,0.0,0.0
7,7,,0.0,0.0,0.0,0.0,0.0,0.0,0.0,1.0,0.0,0.0
0,0,,1.0,0.0,0.0,0.0,0.0,0.0,0.0,0.0,0.0,0.0
2,2,,0.0,0.0,1.0,0.0,0.0,0.0,0.0,0.0,0.0,0.0
8,8,,0.0,0.0,0.0,0.0,0.0,0.0,0.0,0.0,1.0,0.0
6,6,,0.0,0.0,0.0,0.0,0.0,0.0,1.0,0.0,0.0,0.0
2,2,,0.0,0.0,1.0,0.0,0.0,0.0,0.0,0.0,0.0,0.0
6,6,,0.0,0.0,0.0,0.0,0.0,0.0,1.0,0.0,0.0,0.0
7,2,,0.0,0.0,1.0,0.0,0.0,0.0,0.0,0.0,0.0,0.0
0,0,,1.0,0.0,0.0,0.0,0.0,0.0,0.0,0.0,0.0,0.0
2,1,,0.0,1.0,0.0,0.0,0.0,0.0,0.0,0.0,0.0,0.0
1,0,,1.0,0.0,0.0,0.0,0.0,0.0,0.0,0.0,0.0,0.0
5,0,,1.0,0.0,0.0,0.0,0.0,0.0,0.0,0.0,0.0,0.0
2,2,,0.0,0.0,1.0,0.0,0.0,0.0,0.0,0.0,0.0,0.0
4,4,,0.0,0.0,0.0,0.0,1.0,0.0,0.0,0.0,0.0,0.0
1,1,,0.0,1.0,0.0,0.0,0.0,0.0,0.0,0.0,0.0,0.0
8,4,,0.0,0.0,0.0,0.0,1.0,0.0,0.0,0.0,0.0,0.0
3,3,,0.0,0.0,0.0,1.0,0.0,0.0,0.0,0.0,0.0,0.0
9,9,,0.0,0.0,0.0,0.0,0.0,0.0,0.0,0.0,0.0,1.0
4,4,,0.0,0.0,0.0,0.0,1.0,0.0,0.0,0.0,0.0,0.0
1,1,,0.0,1.0,0.0,0.0,0.0,0.0,0.0,0.0,0.0,0.0
8,8,,0.0,0.0,0.0,0.0,0.0,0.0,0.0,0.0,1.0,0.0
1,1,,0.0,1.0,0.0,0.0,0.0,0.0,0.0,0.0,0.0,0.0
6,6,,0.0,0.0,0.0,0.0,0.0,0.0,1.0,0.0,0.0,0.0
6,6,,0.0,0.0,0.0,0.0,0.0,0.0,1.0,0.0,0.0,0.0
5,5,,0.0,0.0,0.0,0.0,0.0,1.0,0.0,0.0,0.0,0.0
3,3,,0.0,0.0,0.0,1.0,0.0,0.0,0.0,0.0,0.0,0.0
2,2,,0.0,0.0,1.0,0.0,0.0,0.0,0.0,0.0,0.0,0.0
9,9,,0.0,0.0,0.0,0.0,0.0,0.0,0.0,0.0,0.0,1.0
1,1,,0.0,1.0,0.0,0.0,0.0,0.0,0.0,0.0,0.0,0.0
7,3,,0.0,0.0,0.0,1.0,0.0,0.0,0.0,0.0,0.0,0.0
7,7,,0.0,0.0,0.0,0.0,0.0,0.0,0.0,1.0,0.0,0.0
9,9,,0.0,0.0,0.0,0.0,0.0,0.0,0.0,0.0,0.0,1.0
4,4,,0.0,0.0,0.0,0.0,1.0,0.0,0.0,0.0,0.0,0.0
6,6,,0.0,0.0,0.0,0.0,0.0,0.0,1.0,0.0,0.0,0.0
0,0,,1.0,0.0,0.0,0.0,0.0,0.0,0.0,0.0,0.0,0.0
0,0,,1.0,0.0,0.0,0.0,0.0,0.0,0.0,0.0,0.0,0.0
0,0,,1.0,0.0,0.0,0.0,0.0,0.0,0.0,0.0,0.0,0.0
6,6,,0.0,0.0,0.0,0.0,0.0,0.0,1.0,0.0,0.0,0.0
7,7,,0.0,0.0,0.0,0.0,0.0,0.0,0.0,1.0,0.0,0.0
1,1,,0.0,1.0,0.0,0.0,0.0,0.0,0.0,0.0,0.0,0.0
9,9,,0.0,0.0,0.0,0.0,0.0,0.0,0.0,0.0,0.0,1.0
9,9,,0.0,0.0,0.0,0.0,0.0,0.0,0.0,0.0,0.0,1.0
9,9,,0.0,0.0,0.0,0.0,0.0,0.0,0.0,0.0,0.0,1.0
2,9,,0.0,0.0,0.0,0.0,0.0,0.0,0.0,0.0,0.0,1.0
1,1,,0.0,1.0,0.0,0.0,0.0,0.0,0.0,0.0,0.0,0.0
3,3,,0.0,0.0,0.0,1.0,0.0,0.0,0.0,0.0,0.0,0.0
7,7,,0.0,0.0,0.0,0.0,0.0,0.0,0.0,1.0,0.0,0.0
6,0,,1.0,0.0,0.0,0.0,0.0,0.0,0.0,0.0,0.0,0.0
5,5,,0.0,0.0,0.0,0.0,0.0,1.0,0.0,0.0,0.0,0.0
3,3,,0.0,0.0,0.0,1.0,0.0,0.0,0.0,0.0,0.0,0.0
0,0,,1.0,0.0,0.0,0.0,0.0,0.0,0.0,0.0,0.0,0.0
3,3,,0.0,0.0,0.0,1.0,0.0,0.0,0.0,0.0,0.0,0.0
4,4,,0.0,0.0,0.0,0.0,1.0,0.0,0.0,0.0,0.0,0.0
1,1,,0.0,1.0,0.0,0.0,0.0,0.0,0.0,0.0,0.0,0.0
5,5,,0.0,0.0,0.0,0.0,0.0,1.0,0.0,0.0,0.0,0.0
3,3,,0.0,0.0,0.0,1.0,0.0,0.0,0.0,0.0,0.0,0.0
0,0,,1.0,0.0,0.0,0.0,0.0,0.0,0.0,0.0,0.0,0.0
6,6,,0.0,0.0,0.0,0.0,0.0,0.0,1.0,0.0,0.0,0.0
9,9,,0.0,0.0,0.0,0.0,0.0,0.0,0.0,0.0,0.0,1.0
4,4,,0.0,0.0,0.0,0.0,1.0,0.0,0.0,0.0,0.0,0.0
6,6,,0.0,0.0,0.0,0.0,0.0,0.0,1.0,0.0,0.0,0.0
5,9,,0.0,0.0,0.0,0.0,0.0,0.0,0.0,0.0,0.0,1.0
9,9,,0.0,0.0,0.0,0.0,0.0,0.0,0.0,0.0,0.0,1.0
6,6,,0.0,0.0,0.0,0.0,0.0,0.0,1.0,0.0,0.0,0.0
4,4,,0.0,0.0,0.0,0.0,1.0,0.0,0.0,0.0,0.0,0.0
6,6,,0.0,0.0,0.0,0.0,0.0,0.0,1.0,0.0,0.0,0.0
7,7,,0.0,0.0,0.0,0.0,0.0,0.0,0.0,1.0,0.0,0.0
5,5,,0.0,0.0,0.0,0.0,0.0,1.0,0.0,0.0,0.0,0.0
5,3,,0.0,0.0,0.0,1.0,0.0,0.0,0.0,0.0,0.0,0.0
5,5,,0.0,0.0,0.0,0.0,0.0,1.0,0.0,0.0,0.0,0.0
4,4,,0.0,0.0,0.0,0.0,1.0,0.0,0.0,0.0,0.0,0.0
1,1,,0.0,1.0,0.0,0.0,0.0,0.0,0.0,0.0,0.0,0.0
4,4,,0.0,0.0,0.0,0.0,1.0,0.0,0.0,0.0,0.0,0.0
4,4,,0.0,0.0,0.0,0.0,1.0,0.0,0.0,0.0,0.0,0.0
4,4,,0.0,0.0,0.0,0.0,1.0,0.0,0.0,0.0,0.0,0.0
8,4,,0.0,0.0,0.0,0.0,1.0,0.0,0.0,0.0,0.0,0.0
2,2,,0.0,0.0,1.0,0.0,0.0,0.0,0.0,0.0,0.0,0.0
1,1,,0.0,1.0,0.0,0.0,0.0,0.0,0.0,0.0,0.0,0.0
3,3,,0.0,0.0,0.0,1.0,0.0,0.0,0.0,0.0,0.0,0.0
9,2,,0.0,0.0,1.0,0.0,0.0,0.0,0.0,0.0,0.0,0.0
0,0,,1.0,0.0,0.0,0.0,0.0,0.0,0.0,0.0,0.0,0.0
0,0,,1.0,0.0,0.0,0.0,0.0,0.0,0.0,0.0,0.0,0.0
3,3,,0.0,0.0,0.0,1.0,0.0,0.0,0.0,0.0,0.0,0.0
5,5,,0.0,0.0,0.0,0.0,0.0,1.0,0.0,0.0,0.0,0.0
2,9,,0.0,0.0,0.0,0.0,0.0,0.0,0.0,0.0,0.0,1.0
3,3,,0.0,0.0,0.0,1.0,0.0,0.0,0.0,0.0,0.0,0.0
4,4,,0.0,0.0,0.0,0.0,1.0,0.0,0.0,0.0,0.0,0.0
9,9,,0.0,0.0,0.0,0.0,0.0,0.0,0.0,0.0,0.0,1.0
4,4,,0.0,0.0,0.0,0.0,1.0,0.0,0.0,0.0,0.0,0.0
5,5,,0.0,0.0,0.0,0.0,0.0,1.0,0.0,0.0,0.0,0.0
5,9,,0.0,0.0,0.0,0.0,0.0,0.0,0.0,0.0,0.0,1.0
6,6,,0.0,0.0,0.0,0.0,0.0,0.0,1.0,0.0,0.0,0.0
1,1,,0.0,1.0,0.0,0.0,0.0,0.0,0.0,0.0,0.0,0.0
5,3,,0.0,0.0,0.0,1.0,0.0,0.0,0.0,0.0,0.0,0.0
9,9,,0.0,0.0,0.0,0.0,0.0,0.0,0.0,0.0,0.0,1.0
5,5,,0.0,0.0,0.0,0.0,0.0,1.0,0.0,0.0,0.0,0.0
3,3,,0.0,0.0,0.0,1.0,0.0,0.0,0.0,0.0,0.0,0.0
0,0,,1.0,0.0,0.0,0.0,0.0,0.0,0.0,0.0,0.0,0.0
9,9,,0.0,0.0,0.0,0.0,0.0,0.0,0.0,0.0,0.0,1.0
9,9,,0.0,0.0,0.0,0.0,0.0,0.0,0.0,0.0,0.0,1.0
7,7,,0.0,0.0,0.0,0.0,0.0,0.0,0.0,1.0,0.0,0.0
4,4,,0.0,0.0,0.0,0.0,1.0,0.0,0.0,0.0,0.0,0.0
7,7,,0.0,0.0,0.0,0.0,0.0,0.0,0.0,1.0,0.0,0.0
7,7,,0.0,0.0,0.0,0.0,0.0,0.0,0.0,1.0,0.0,0.0
0,0,,1.0,0.0,0.0,0.0,0.0,0.0,0.0,0.0,0.0,0.0
4,4,,0.0,0.0,0.0,0.0,1.0,0.0,0.0,0.0,0.0,0.0
4,4,,0.0,0.0,0.0,0.0,1.0,0.0,0.0,0.0,0.0,0.0
3,3,,0.0,0.0,0.0,1.0,0.0,0.0,0.0,0.0,0.0,0.0
7,1,,0.0,1.0,0.0,0.0,0.0,0.0,0.0,0.0,0.0,0.0
1,1,,0.0,1.0,0.0,0.0,0.0,0.0,0.0,0.0,0.0,0.0
7,7,,0.0,0.0,0.0,0.0,0.0,0.0,0.0,1.0,0.0,0.0
6,6,,0.0,0.0,0.0,0.0,0.0,0.0,1.0,0.0,0.0,0.0
8,8,,0.0,0.0,0.0,0.0,0.0,0.0,0.0,0.0,1.0,0.0
8,8,,0.0,0.0,0.0,0.0,0.0,0.0,0.0,0.0,1.0,0.0
0,0,,1.0,0.0,0.0,0.0,0.0,0.0,0.0,0.0,0.0,0.0
8,8,,0.0,0.0,0.0,0.0,0.0,0.0,0.0,0.0,1.0,0.0
3,3,,0.0,0.0,0.0,1.0,0.0,0.0,0.0,0.0,0.0,0.0
2,2,,0.0,0.0,1.0,0.0,0.0,0.0,0.0,0.0,0.0,0.0
8,8,,0.0,0.0,0.0,0.0,0.0,0.0,0.0,0.0,1.0,0.0
6,6,,0.0,0.0,0.0,0.0,0.0,0.0,1.0,0.0,0.0,0.0
1,1,,0.0,1.0,0.0,0.0,0.0,0.0,0.0,0.0,0.0,0.0
7,7,,0.0,0.0,0.0,0.0,0.0,0.0,0.0,1.0,0.0,0.0
4,4,,0.0,0.0,0.0,0.0,1.0,0.0,0.0,0.0,0.0,0.0
8,8,,0.0,0.0,0.0,0.0,0.0,0.0,0.0,0.0,1.0,0.0
1,1,,0.0,1.0,0.0,0.0,0.0,0.0,0.0,0.0,0.0,0.0
3,3,,0.0,0.0,0.0,1.0,0.0,0.0,0.0,0.0,0.0,0.0
4,4,,0.0,0.0,0.0,0.0,1.0,0.0,0.0,0.0,0.0,0.0
5,5,,0.0,0.0,0.0,0.0,0.0,1.0,0.0,0.0,0.0,0.0
0,0,,1.0,0.0,0.0,0.0,0.0,0.0,0.0,0.0,0.0,0.0
8,9,,0.0,0.0,0.0,0.0,0.0,0.0,0.0,0.0,0.0,1.0
4,4,,0.0,0.0,0.0,0.0,1.0,0.0,0.0,0.0,0.0,0.0
9,9,,0.0,0.0,0.0,0.0,0.0,0.0,0.0,0.0,0.0,1.0
4,4,,0.0,0.0,0.0,0.0,1.0,0.0,0.0,0.0,0.0,0.0
3,3,,0.0,0.0,0.0,1.0,0.0,0.0,0.0,0.0,0.0,0.0
8,8,,0.0,0.0,0.0,0.0,0.0,0.0,0.0,0.0,1.0,0.0
8,8,,0.0,0.0,0.0,0.0,0.0,0.0,0.0,0.0,1.0,0.0
7,7,,0.0,0.0,0.0,0.0,0.0,0.0,0.0,1.0,0.0,0.0
2,2,,0.0,0.0,1.0,0.0,0.0,0.0,0.0,0.0,0.0,0.0
4,4,,0.0,0.0,0.0,0.0,1.0,0.0,0.0,0.0,0.0,0.0
4,4,,0.0,0.0,0.0,0.0,1.0,0.0,0.0,0.0,0.0,0.0
4,4,,0.0,0.0,0.0,0.0,1.0,0.0,0.0,0.0,0.0,0.0
2,3,,0.0,0.0,0.0,1.0,0.0,0.0,0.0,0.0,0.0,0.0
4,4,,0.0,0.0,0.0,0.0,1.0,0.0,0.0,0.0,0.0,0.0
2,2,,0.0,0.0,1.0,0.0,0.0,0.0,0.0,0.0,0.0,0.0
5,9,,0.0,0.0,0.0,0.0,0.0,0.0,0.0,0.0,0.0,1.0
0,0,,1.0,0.0,0.0,0.0,0.0,0.0,0.0,0.0,0.0,0.0
0,0,,1.0,0.0,0.0,0.0,0.0,0.0,0.0,0.0,0.0,0.0
2,2,,0.0,0.0,1.0,0.0,0.0,0.0,0.0,0.0,0.0,0.0
0,0,,1.0,0.0,0.0,0.0,0.0,0.0,0.0,0.0,0.0,0.0
2,3,,0.0,0.0,0.0,1.0,0.0,0.0,0.0,0.0,0.0,0.0
7,7,,0.0,0.0,0.0,0.0,0.0,0.0,0.0,1.0,0.0,0.0
1,1,,0.0,1.0,0.0,0.0,0.0,0.0,0.0,0.0,0.0,0.0
3,3,,0.0,0.0,0.0,1.0,0.0,0.0,0.0,0.0,0.0,0.0
5,7,,0.0,0.0,0.0,0.0,0.0,0.0,0.0,1.0,0.0,0.0
4,4,,0.0,0.0,0.0,0.0,1.0,0.0,0.0,0.0,0.0,0.0
7,7,,0.0,0.0,0.0,0.0,0.0,0.0,0.0,1.0,0.0,0.0
0,0,,1.0,0.0,0.0,0.0,0.0,0.0,0.0,0.0,0.0,0.0
2,2,,0.0,0.0,1.0,0.0,0.0,0.0,0.0,0.0,0.0,0.0
9,9,,0.0,0.0,0.0,0.0,0.0,0.0,0.0,0.0,0.0,1.0
3,3,,0.0,0.0,0.0,1.0,0.0,0.0,0.0,0.0,0.0,0.0
0,0,,1.0,0.0,0.0,0.0,0.0,0.0,0.0,0.0,0.0,0.0
3,3,,0.0,0.0,0.0,1.0,0.0,0.0,0.0,0.0,0.0,0.0
7,7,,0.0,0.0,0.0,0.0,0.0,0.0,0.0,1.0,0.0,0.0
6,6,,0.0,0.0,0.0,0.0,0.0,0.0,1.0,0.0,0.0,0.0
7,2,,0.0,0.0,1.0,0.0,0.0,0.0,0.0,0.0,0.0,0.0
1,1,,0.0,1.0,0.0,0.0,0.0,0.0,0.0,0.0,0.0,0.0
0,0,,1.0,0.0,0.0,0.0,0.0,0.0,0.0,0.0,0.0,0.0
2,2,,0.0,0.0,1.0,0.0,0.0,0.0,0.0,0.0,0.0,0.0
2,2,,0.0,0.0,1.0,0.0,0.0,0.0,0.0,0.0,0.0,0.0
9,9,,0.0,0.0,0.0,0.0,0.0,0.0,0.0,0.0,0.0,1.0
6,6,,0.0,0.0,0.0,0.0,0.0,0.0,1.0,0.0,0.0,0.0
8,8,,0.0,0.0,0.0,0.0,0.0,0.0,0.0,0.0,1.0,0.0
5,5,,0.0,0.0,0.0,0.0,0.0,1.0,0.0,0.0,0.0,0.0
5,9,,0.0,0.0,0.0,0.0,0.0,0.0,0.0,0.0,0.0,1.0
3,3,,0.0,0.0,0.0,1.0,0.0,0.0,0.0,0.0,0.0,0.0
4,4,,0.0,0.0,0.0,0.0,1.0,0.0,0.0,0.0,0.0,0.0
2,2,,0.0,0.0,1.0,0.0,0.0,0.0,0.0,0.0,0.0,0.0
9,9,,0.0,0.0,0.0,0.0,0.0,0.0,0.0,0.0,0.0,1.0
4,4,,0.0,0.0,0.0,0.0,1.0,0.0,0.0,0.0,0.0,0.0
3,3,,0.0,0.0,0.0,1.0,0.0,0.0,0.0,0.0,0.0,0.0
6,6,,0.0,0.0,0.0,0.0,0.0,0.0,1.0,0.0,0.0,0.0
1,1,,0.0,1.0,0.0,0.0,0.0,0.0,0.0,0.0,0.0,0.0
0,0,,1.0,0.0,0.0,0.0,0.0,0.0,0.0,0.0,0.0,0.0
0,0,,1.0,0.0,0.0,0.0,0.0,0.0,0.0,0.0,0.0,0.0
3,3,,0.0,0.0,0.0,1.0,0.0,0.0,0.0,0.0,0.0,0.0
9,9,,0.0,0.0,0.0,0.0,0.0,0.0,0.0,0.0,0.0,1.0
7,7,,0.0,0.0,0.0,0.0,0.0,0.0,0.0,1.0,0.0,0.0
2,9,,0.0,0.0,0.0,0.0,0.0,0.0,0.0,0.0,0.0,1.0
1,1,,0.0,1.0,0.0,0.0,0.0,0.0,0.0,0.0,0.0,0.0
9,9,,0.0,0.0,0.0,0.0,0.0,0.0,0.0,0.0,0.0,1.0
7,7,,0.0,0.0,0.0,0.0,0.0,0.0,0.0,1.0,0.0,0.0
1,1,,0.0,1.0,0.0,0.0,0.0,0.0,0.0,0.0,0.0,0.0
9,2,,0.0,0.0,1.0,0.0,0.0,0.0,0.0,0.0,0.0,0.0
3,3,,0.0,0.0,0.0,1.0,0.0,0.0,0.0,0.0,0.0,0.0
0,0,,1.0,0.0,0.0,0.0,0.0,0.0,0.0,0.0,0.0,0.0
6,6,,0.0,0.0,0.0,0.0,0.0,0.0,1.0,0.0,0.0,0.0
3,3,,0.0,0.0,0.0,1.0,0.0,0.0,0.0,0.0,0.0,0.0
9,9,,0.0,0.0,0.0,0.0,0.0,0.0,0.0,0.0,0.0,1.0
9,9,,0.0,0.0,0.0,0.0,0.0,0.0,0.0,0.0,0.0,1.0
9,9,,0.0,0.0,0.0,0.0,0.0,0.0,0.0,0.0,0.0,1.0
1,1,,0.0,1.0,0.0,0.0,0.0,0.0,0.0,0.0,0.0,0.0
4,4,,0.0,0.0,0.0,0.0,1.0,0.0,0.0,0.0,0.0,0.0
3,3,,0.0,0.0,0.0,1.0,0.0,0.0,0.0,0.0,0.0,0.0
2,2,,0.0,0.0,1.0,0.0,0.0,0.0,0.0,0.0,0.0,0.0
3,3,,0.0,0.0,0.0,1.0,0.0,0.0,0.0,0.0,0.0,0.0
9,9,,0.0,0.0,0.0,0.0,0.0,0.0,0.0,0.0,0.0,1.0
1,1,,0.0,1.0,0.0,0.0,0.0,0.0,0.0,0.0,0.0,0.0
0,0,,1.0,0.0,0.0,0.0,0.0,0.0,0.0,0.0,0.0,0.0
7,7,,0.0,0.0,0.0,0.0,0.0,0.0,0.0,1.0,0.0,0.0
4,4,,0.0,0.0,0.0,0.0,1.0,0.0,0.0,0.0,0.0,0.0
3,3,,0.0,0.0,0.0,1.0,0.0,0.0,0.0,0.0,0.0,0.0
0,0,,1.0,0.0,0.0,0.0,0.0,0.0,0.0,0.0,0.0,0.0
2,2,,0.0,0.0,1.0,0.0,0.0,0.0,0.0,0.0,0.0,0.0
8,8,,0.0,0.0,0.0,0.0,0.0,0.0,0.0,0.0,1.0,0.0
2,4,,0.0,0.0,0.0,0.0,1.0,0.0,0.0,0.0,0.0,0.0
7,7,,0.0,0.0,0.0,0.0,0.0,0.0,0.0,1.0,0.0,0.0
5,5,,0.0,0.0,0.0,0.0,0.0,1.0,0.0,0.0,0.0,0.0
4,4,,0.0,0.0,0.0,0.0,1.0,0.0,0.0,0.0,0.0,0.0
8,8,,0.0,0.0,0.0,0.0,0.0,0.0,0.0,0.0,1.0,0.0
5,5,,0.0,0.0,0.0,0.0,0.0,1.0,0.0,0.0,0.0,0.0
5,0,,1.0,0.0,0.0,0.0,0.0,0.0,0.0,0.0,0.0,0.0
3,3,,0.0,0.0,0.0,1.0,0.0,0.0,0.0,0.0,0.0,0.0
0,0,,1.0,0.0,0.0,0.0,0.0,0.0,0.0,0.0,0.0,0.0
5,5,,0.0,0.0,0.0,0.0,0.0,1.0,0.0,0.0,0.0,0.0
9,9,,0.0,0.0,0.0,0.0,0.0,0.0,0.0,0.0,0.0,1.0
1,1,,0.0,1.0,0.0,0.0,0.0,0.0,0.0,0.0,0.0,0.0
0,0,,1.0,0.0,0.0,0.0,0.0,0.0,0.0,0.0,0.0,0.0
0,9,,0.0,0.0,0.0,0.0,0.0,0.0,0.0,0.0,0.0,1.0
0,0,,1.0,0.0,0.0,0.0,0.0,0.0,0.0,0.0,0.0,0.0
8,8,,0.0,0.0,0.0,0.0,0.0,0.0,0.0,0.0,1.0,0.0
1,1,,0.0,1.0,0.0,0.0,0.0,0.0,0.0,0.0,0.0,0.0
7,7,,0.0,0.0,0.0,0.0,0.0,0.0,0.0,1.0,0.0,0.0
0,0,,1.0,0.0,0.0,0.0,0.0,0.0,0.0,0.0,0.0,0.0
1,1,,0.0,1.0,0.0,0.0,0.0,0.0,0.0,0.0,0.0,0.0
7,0,,1.0,0.0,0.0,0.0,0.0,0.0,0.0,0.0,0.0,0.0
4,4,,0.0,0.0,0.0,0.0,1.0,0.0,0.0,0.0,0.0,0.0
8,8,,0.0,0.0,0.0,0.0,0.0,0.0,0.0,0.0,1.0,0.0
1,1,,0.0,1.0,0.0,0.0,0.0,0.0,0.0,0.0,0.0,0.0
5,5,,0.0,0.0,0.0,0.0,0.0,1.0,0.0,0.0,0.0,0.0
0,0,,1.0,0.0,0.0,0.0,0.0,0.0,0.0,0.0,0.0,0.0
4,4,,0.0,0.0,0.0,0.0,1.0,0.0,0.0,0.0,0.0,0.0
6,6,,0.0,0.0,0.0,0.0,0.0,0.0,1.0,0.0,0.0,0.0
0,0,,1.0,0.0,0.0,0.0,0.0,0.0,0.0,0.0,0.0,0.0
5,7,,0.0,0.0,0.0,0.0,0.0,0.0,0.0,1.0,0.0,0.0
6,6,,0.0,0.0,0.0,0.0,0.0,0.0,1.0,0.0,0.0,0.0
6,6,,0.0,0.0,0.0,0.0,0.0,0.0,1.0,0.0,0.0,0.0
7,7,,0.0,0.0,0.0,0.0,0.0,0.0,0.0,1.0,0.0,0.0
0,0,,1.0,0.0,0.0,0.0,0.0,0.0,0.0,0.0,0.0,0.0
6,6,,0.0,0.0,0.0,0.0,0.0,0.0,1.0,0.0,0.0,0.0
6,6,,0.0,0.0,0.0,0.0,0.0,0.0,1.0,0.0,0.0,0.0
0,0,,1.0,0.0,0.0,0.0,0.0,0.0,0.0,0.0,0.0,0.0
7,9,,0.0,0.0,0.0,0.0,0.0,0.0,0.0,0.0,0.0,1.0
0,0,,1.0,0.0,0.0,0.0,0.0,0.0,0.0,0.0,0.0,0.0
0,0,,1.0,0.0,0.0,0.0,0.0,0.0,0.0,0.0,0.0,0.0
0,0,,1.0,0.0,0.0,0.0,0.0,0.0,0.0,0.0,0.0,0.0
3,3,,0.0,0.0,0.0,1.0,0.0,0.0,0.0,0.0,0.0,0.0
2,4,,0.0,0.0,0.0,0.0,1.0,0.0,0.0,0.0,0.0,0.0
9,9,,0.0,0.0,0.0,0.0,0.0,0.0,0.0,0.0,0.0,1.0
5,5,,0.0,0.0,0.0,0.0,0.0,1.0,0.0,0.0,0.0,0.0
4,4,,0.0,0.0,0.0,0.0,1.0,0.0,0.0,0.0,0.0,0.0
2,5,,0.0,0.0,0.0,0.0,0.0,1.0,0.0,0.0,0.0,0.0
1,1,,0.0,1.0,0.0,0.0,0.0,0.0,0.0,0.0,0.0,0.0
1,1,,0.0,1.0,0.0,0.0,0.0,0.0,0.0,0.0,0.0,0.0
2,0,,1.0,0.0,0.0,0.0,0.0,0.0,0.0,0.0,0.0,0.0
1,1,,0.0,1.0,0.0,0.0,0.0,0.0,0.0,0.0,0.0,0.0
7,7,,0.0,0.0,0.0,0.0,0.0,0.0,0.0,1.0,0.0,0.0
4,4,,0.0,0.0,0.0,0.0,1.0,0.0,0.0,0.0,0.0,0.0
4,4,,0.0,0.0,0.0,0.0,1.0,0.0,0.0,0.0,0.0,0.0
4,4,,0.0,0.0,0.0,0.0,1.0,0.0,0.0,0.0,0.0,0.0
5,8,,0.0,0.0,0.0,0.0,0.0,0.0,0.0,0.0,1.0,0.0
8,8,,0.0,0.0,0.0,0.0,0.0,0.0,0.0,0.0,1.0,0.0
9,9,,0.0,0.0,0.0,0.0,0.0,0.0,0.0,0.0,0.0,1.0
9,9,,0.0,0.0,0.0,0.0,0.0,0.0,0.0,0.0,0.0,1.0
2,8,,0.0,0.0,0.0,0.0,0.0,0.0,0.0,0.0,1.0,0.0
5,5,,0.0,0.0,0.0,0.0,0.0,1.0,0.0,0.0,0.0,0.0
0,0,,1.0,0.0,0.0,0.0,0.0,0.0,0.0,0.0,0.0,0.0
0,0,,1.0,0.0,0.0,0.0,0.0,0.0,0.0,0.0,0.0,0.0
7,2,,0.0,0.0,1.0,0.0,0.0,0.0,0.0,0.0,0.0,0.0
2,2,,0.0,0.0,1.0,0.0,0.0,0.0,0.0,0.0,0.0,0.0
0,0,,1.0,0.0,0.0,0.0,0.0,0.0,0.0,0.0,0.0,0.0
3,3,,0.0,0.0,0.0,1.0,0.0,0.0,0.0,0.0,0.0,0.0
9,9,,0.0,0.0,0.0,0.0,0.0,0.0,0.0,0.0,0.0,1.0
9,3,,0.0,0.0,0.0,1.0,0.0,0.0,0.0,0.0,0.0,0.0
2,2,,0.0,0.0,1.0,0.0,0.0,0.0,0.0,0.0,0.0,0.0
0,6,,0.0,0.0,0.0,0.0,0.0,0.0,1.0,0.0,0.0,0.0
0,0,,1.0,0.0,0.0,0.0,0.0,0.0,0.0,0.0,0.0,0.0
5,5,,0.0,0.0,0.0,0.0,0.0,1.0,0.0,0.0,0.0,0.0
9,9,,0.0,0.0,0.0,0.0,0.0,0.0,0.0,0.0,0.0,1.0
8,8,,0.0,0.0,0.0,0.0,0.0,0.0,0.0,0.0,1.0,0.0
1,1,,0.0,1.0,0.0,0.0,0.0,0.0,0.0,0.0,0.0,0.0
2,2,,0.0,0.0,1.0,0.0,0.0,0.0,0.0,0.0,0.0,0.0
0,0,,1.0,0.0,0.0,0.0,0.0,0.0,0.0,0.0,0.0,0.0
4,4,,0.0,0.0,0.0,0.0,1.0,0.0,0.0,0.0,0.0,0.0
8,8,,0.0,0.0,0.0,0.0,0.0,0.0,0.0,0.0,1.0,0.0
1,7,,0.0,0.0,0.0,0.0,0.0,0.0,0.0,1.0,0.0,0.0
7,7,,0.0,0.0,0.0,0.0,0.0,0.0,0.0,1.0,0.0,0.0
1,7,,0.0,0.0,0.0,0.0,0.0,0.0,0.0,1.0,0.0,0.0
3,3,,0.0,0.0,0.0,1.0,0.0,0.0,0.0,0.0,0.0,0.0
2,7,,0.0,0.0,0.0,0.0,0.0,0.0,0.0,1.0,0.0,0.0
1,1,,0.0,1.0,0.0,0.0,0.0,0.0,0.0,0.0,0.0,0.0
2,9,,0.0,0.0,0.0,0.0,0.0,0.0,0.0,0.0,0.0,1.0
2,9,,0.0,0.0,0.0,0.0,0.0,0.0,0.0,0.0,0.0,1.0
9,9,,0.0,0.0,0.0,0.0,0.0,0.0,0.0,0.0,0.0,1.0
6,6,,0.0,0.0,0.0,0.0,0.0,0.0,1.0,0.0,0.0,0.0
3,0,,1.0,0.0,0.0,0.0,0.0,0.0,0.0,0.0,0.0,0.0
6,6,,0.0,0.0,0.0,0.0,0.0,0.0,1.0,0.0,0.0,0.0
1,1,,0.0,1.0,0.0,0.0,0.0,0.0,0.0,0.0,0.0,0.0
5,5,,0.0,0.0,0.0,0.0,0.0,1.0,0.0,0.0,0.0,0.0
8,8,,0.0,0.0,0.0,0.0,0.0,0.0,0.0,0.0,1.0,0.0
7,7,,0.0,0.0,0.0,0.0,0.0,0.0,0.0,1.0,0.0,0.0
3,3,,0.0,0.0,0.0,1.0,0.0,0.0,0.0,0.0,0.0,0.0
9,9,,0.0,0.0,0.0,0.0,0.0,0.0,0.0,0.0,0.0,1.0
6,6,,0.0,0.0,0.0,0.0,0.0,0.0,1.0,0.0,0.0,0.0
3,3,,0.0,0.0,0.0,1.0,0.0,0.0,0.0,0.0,0.0,0.0
3,3,,0.0,0.0,0.0,1.0,0.0,0.0,0.0,0.0,0.0,0.0
6,6,,0.0,0.0,0.0,0.0,0.0,0.0,1.0,0.0,0.0,0.0
7,7,,0.0,0.0,0.0,0.0,0.0,0.0,0.0,1.0,0.0,0.0
1,1,,0.0,1.0,0.0,0.0,0.0,0.0,0.0,0.0,0.0,0.0
0,2,,0.0,0.0,1.0,0.0,0.0,0.0,0.0,0.0,0.0,0.0
9,9,,0.0,0.0,0.0,0.0,0.0,0.0,0.0,0.0,0.0,1.0
9,6,,0.0,0.0,0.0,0.0,0.0,0.0,1.0,0.0,0.0,0.0
5,3,,0.0,0.0,0.0,1.0,0.0,0.0,0.0,0.0,0.0,0.0
1,1,,0.0,1.0,0.0,0.0,0.0,0.0,0.0,0.0,0.0,0.0
1,1,,0.0,1.0,0.0,0.0,0.0,0.0,0.0,0.0,0.0,0.0
3,3,,0.0,0.0,0.0,1.0,0.0,0.0,0.0,0.0,0.0,0.0
9,9,,0.0,0.0,0.0,0.0,0.0,0.0,0.0,0.0,0.0,1.0
9,3,,0.0,0.0,0.0,1.0,0.0,0.0,0.0,0.0,0.0,0.0
9,9,,0.0,0.0,0.0,0.0,0.0,0.0,0.0,0.0,0.0,1.0
4,2,,0.0,0.0,1.0,0.0,0.0,0.0,0.0,0.0,0.0,0.0
5,5,,0.0,0.0,0.0,0.0,0.0,1.0,0.0,0.0,0.0,0.0
4,4,,0.0,0.0,0.0,0.0,1.0,0.0,0.0,0.0,0.0,0.0
4,4,,0.0,0.0,0.0,0.0,1.0,0.0,0.0,0.0,0.0,0.0
3,3,,0.0,0.0,0.0,1.0,0.0,0.0,0.0,0.0,0.0,0.0
1,8,,0.0,0.0,0.0,0.0,0.0,0.0,0.0,0.0,1.0,0.0
1,1,,0.0,1.0,0.0,0.0,0.0,0.0,0.0,0.0,0.0,0.0
3,3,,0.0,0.0,0.0,1.0,0.0,0.0,0.0,0.0,0.0,0.0
2,2,,0.0,0.0,1.0,0.0,0.0,0.0,0.0,0.0,0.0,0.0
6,6,,0.0,0.0,0.0,0.0,0.0,0.0,1.0,0.0,0.0,0.0
9,9,,0.0,0.0,0.0,0.0,0.0,0.0,0.0,0.0,0.0,1.0
4,4,,0.0,0.0,0.0,0.0,1.0,0.0,0.0,0.0,0.0,0.0
8,8,,0.0,0.0,0.0,0.0,0.0,0.0,0.0,0.0,1.0,0.0
0,0,,1.0,0.0,0.0,0.0,0.0,0.0,0.0,0.0,0.0,0.0
0,5,,0.0,0.0,0.0,0.0,0.0,1.0,0.0,0.0,0.0,0.0
1,1,,0.0,1.0,0.0,0.0,0.0,0.0,0.0,0.0,0.0,0.0
2,2,,0.0,0.0,1.0,0.0,0.0,0.0,0.0,0.0,0.0,0.0
7,7,,0.0,0.0,0.0,0.0,0.0,0.0,0.0,1.0,0.0,0.0
0,0,,1.0,0.0,0.0,0.0,0.0,0.0,0.0,0.0,0.0,0.0
2,2,,0.0,0.0,1.0,0.0,0.0,0.0,0.0,0.0,0.0,0.0
9,9,,0.0,0.0,0.0,0.0,0.0,0.0,0.0,0.0,0.0,1.0
2,9,,0.0,0.0,0.0,0.0,0.0,0.0,0.0,0.0,0.0,1.0
2,2,,0.0,0.0,1.0,0.0,0.0,0.0,0.0,0.0,0.0,0.0
5,3,,0.0,0.0,0.0,1.0,0.0,0.0,0.0,0.0,0.0,0.0
2,8,,0.0,0.0,0.0,0.0,0.0,0.0,0.0,0.0,1.0,0.0
3,3,,0.0,0.0,0.0,1.0,0.0,0.0,0.0,0.0,0.0,0.0
1,1,,0.0,1.0,0.0,0.0,0.0,0.0,0.0,0.0,0.0,0.0
1,1,,0.0,1.0,0.0,0.0,0.0,0.0,0.0,0.0,0.0,0.0
2,7,,0.0,0.0,0.0,0.0,0.0,0.0,0.0,1.0,0.0,0.0
9,9,,0.0,0.0,0.0,0.0,0.0,0.0,0.0,0.0,0.0,1.0
1,1,,0.0,1.0,0.0,0.0,0.0,0.0,0.0,0.0,0.0,0.0
6,6,,0.0,0.0,0.0,0.0,0.0,0.0,1.0,0.0,0.0,0.0
6,6,,0.0,0.0,0.0,0.0,0.0,0.0,1.0,0.0,0.0,0.0
5,5,,0.0,0.0,0.0,0.0,0.0,1.0,0.0,0.0,0.0,0.0
3,3,,0.0,0.0,0.0,1.0,0.0,0.0,0.0,0.0,0.0,0.0
5,5,,0.0,0.0,0.0,0.0,0.0,1.0,0.0,0.0,0.0,0.0
0,5,,0.0,0.0,0.0,0.0,0.0,1.0,0.0,0.0,0.0,0.0
9,9,,0.0,0.0,0.0,0.0,0.0,0.0,0.0,0.0,0.0,1.0
7,7,,0.0,0.0,0.0,0.0,0.0,0.0,0.0,1.0,0.0,0.0
1,1,,0.0,1.0,0.0,0.0,0.0,0.0,0.0,0.0,0.0,0.0
7,7,,0.0,0.0,0.0,0.0,0.0,0.0,0.0,1.0,0.0,0.0
4,4,,0.0,0.0,0.0,0.0,1.0,0.0,0.0,0.0,0.0,0.0
0,0,,1.0,0.0,0.0,0.0,0.0,0.0,0.0,0.0,0.0,0.0
9,9,,0.0,0.0,0.0,0.0,0.0,0.0,0.0,0.0,0.0,1.0
7,7,,0.0,0.0,0.0,0.0,0.0,0.0,0.0,1.0,0.0,0.0
1,1,,0.0,1.0,0.0,0.0,0.0,0.0,0.0,0.0,0.0,0.0
1,8,,0.0,0.0,0.0,0.0,0.0,0.0,0.0,0.0,1.0,0.0
0,0,,1.0,0.0,0.0,0.0,0.0,0.0,0.0,0.0,0.0,0.0
9,0,,1.0,0.0,0.0,0.0,0.0,0.0,0.0,0.0,0.0,0.0
2,2,,0.0,0.0,1.0,0.0,0.0,0.0,0.0,0.0,0.0,0.0
3,3,,0.0,0.0,0.0,1.0,0.0,0.0,0.0,0.0,0.0,0.0
7,7,,0.0,0.0,0.0,0.0,0.0,0.0,0.0,1.0,0.0,0.0
8,8,,0.0,0.0,0.0,0.0,0.0,0.0,0.0,0.0,1.0,0.0
2,2,,0.0,0.0,1.0,0.0,0.0,0.0,0.0,0.0,0.0,0.0
9,9,,0.0,0.0,0.0,0.0,0.0,0.0,0.0,0.0,0.0,1.0
9,9,,0.0,0.0,0.0,0.0,0.0,0.0,0.0,0.0,0.0,1.0
8,8,,0.0,0.0,0.0,0.0,0.0,0.0,0.0,0.0,1.0,0.0
4,4,,0.0,0.0,0.0,0.0,1.0,0.0,0.0,0.0,0.0,0.0
3,4,,0.0,0.0,0.0,0.0,1.0,0.0,0.0,0.0,0.0,0.0
8,8,,0.0,0.0,0.0,0.0,0.0,0.0,0.0,0.0,1.0,0.0
5,5,,0.0,0.0,0.0,0.0,0.0,1.0,0.0,0.0,0.0,0.0
5,5,,0.0,0.0,0.0,0.0,0.0,1.0,0.0,0.0,0.0,0.0
2,2,,0.0,0.0,1.0,0.0,0.0,0.0,0.0,0.0,0.0,0.0
2,7,,0.0,0.0,0.0,0.0,0.0,0.0,0.0,1.0,0.0,0.0
7,5,,0.0,0.0,0.0,0.0,0.0,1.0,0.0,0.0,0.0,0.0
3,3,,0.0,0.0,0.0,1.0,0.0,0.0,0.0,0.0,0.0,0.0
9,9,,0.0,0.0,0.0,0.0,0.0,0.0,0.0,0.0,0.0,1.0
5,5,,0.0,0.0,0.0,0.0,0.0,1.0,0.0,0.0,0.0,0.0
7,7,,0.0,0.0,0.0,0.0,0.0,0.0,0.0,1.0,0.0,0.0
7,7,,0.0,0.0,0.0,0.0,0.0,0.0,0.0,1.0,0.0,0.0
7,7,,0.0,0.0,0.0,0.0,0.0,0.0,0.0,1.0,0.0,0.0
6,6,,0.0,0.0,0.0,0.0,0.0,0.0,1.0,0.0,0.0,0.0
8,8,,0.0,0.0,0.0,0.0,0.0,0.0,0.0,0.0,1.0,0.0
8,8,,0.0,0.0,0.0,0.0,0.0,0.0,0.0,0.0,1.0,0.0
6,6,,0.0,0.0,0.0,0.0,0.0,0.0,1.0,0.0,0.0,0.0
9,9,,0.0,0.0,0.0,0.0,0.0,0.0,0.0,0.0,0.0,1.0
1,1,,0.0,1.0,0.0,0.0,0.0,0.0,0.0,0.0,0.0,0.0
1,1,,0.0,1.0,0.0,0.0,0.0,0.0,0.0,0.0,0.0,0.0
4,4,,0.0,0.0,0.0,0.0,1.0,0.0,0.0,0.0,0.0,0.0
3,3,,0.0,0.0,0.0,1.0,0.0,0.0,0.0,0.0,0.0,0.0
2,2,,0.0,0.0,1.0,0.0,0.0,0.0,0.0,0.0,0.0,0.0
9,9,,0.0,0.0,0.0,0.0,0.0,0.0,0.0,0.0,0.0,1.0
4,4,,0.0,0.0,0.0,0.0,1.0,0.0,0.0,0.0,0.0,0.0
6,6,,0.0,0.0,0.0,0.0,0.0,0.0,1.0,0.0,0.0,0.0
2,9,,0.0,0.0,0.0,0.0,0.0,0.0,0.0,0.0,0.0,1.0
3,3,,0.0,0.0,0.0,1.0,0.0,0.0,0.0,0.0,0.0,0.0
3,3,,0.0,0.0,0.0,1.0,0.0,0.0,0.0,0.0,0.0,0.0
6,6,,0.0,0.0,0.0,0.0,0.0,0.0,1.0,0.0,0.0,0.0
4,4,,0.0,0.0,0.0,0.0,1.0,0.0,0.0,0.0,0.0,0.0
1,1,,0.0,1.0,0.0,0.0,0.0,0.0,0.0,0.0,0.0,0.0
0,0,,1.0,0.0,0.0,0.0,0.0,0.0,0.0,0.0,0.0,0.0
7,7,,0.0,0.0,0.0,0.0,0.0,0.0,0.0,1.0,0.0,0.0
1,1,,0.0,1.0,0.0,0.0,0.0,0.0,0.0,0.0,0.0,0.0
6,6,,0.0,0.0,0.0,0.0,0.0,0.0,1.0,0.0,0.0,0.0
6,6,,0.0,0.0,0.0,0.0,0.0,0.0,1.0,0.0,0.0,0.0
7,7,,0.0,0.0,0.0,0.0,0.0,0.0,0.0,1.0,0.0,0.0
4,4,,0.0,0.0,0.0,0.0,1.0,0.0,0.0,0.0,0.0,0.0
1,1,,0.0,1.0,0.0,0.0,0.0,0.0,0.0,0.0,0.0,0.0
0,0,,1.0,0.0,0.0,0.0,0.0,0.0,0.0,0.0,0.0,0.0
8,8,,0.0,0.0,0.0,0.0,0.0,0.0,0.0,0.0,1.0,0.0
9,9,,0.0,0.0,0.0,0.0,0.0,0.0,0.0,0.0,0.0,1.0
8,8,,0.0,0.0,0.0,0.0,0.0,0.0,0.0,0.0,1.0,0.0
5,3,,0.0,0.0,0.0,1.0,0.0,0.0,0.0,0.0,0.0,0.0
3,3,,0.0,0.0,0.0,1.0,0.0,0.0,0.0,0.0,0.0,0.0
0,0,,1.0,0.0,0.0,0.0,0.0,0.0,0.0,0.0,0.0,0.0
9,9,,0.0,0.0,0.0,0.0,0.0,0.0,0.0,0.0,0.0,1.0
2,9,,0.0,0.0,0.0,0.0,0.0,0.0,0.0,0.0,0.0,1.0
4,4,,0.0,0.0,0.0,0.0,1.0,0.0,0.0,0.0,0.0,0.0
7,7,,0.0,0.0,0.0,0.0,0.0,0.0,0.0,1.0,0.0,0.0
0,0,,1.0,0.0,0.0,0.0,0.0,0.0,0.0,0.0,0.0,0.0
1,1,,0.0,1.0,0.0,0.0,0.0,0.0,0.0,0.0,0.0,0.0
0,0,,1.0,0.0,0.0,0.0,0.0,0.0,0.0,0.0,0.0,0.0
6,6,,0.0,0.0,0.0,0.0,0.0,0.0,1.0,0.0,0.0,0.0
8,8,,0.0,0.0,0.0,0.0,0.0,0.0,0.0,0.0,1.0,0.0
2,9,,0.0,0.0,0.0,0.0,0.0,0.0,0.0,0.0,0.0,1.0
5,5,,0.0,0.0,0.0,0.0,0.0,1.0,0.0,0.0,0.0,0.0
7,7,,0.0,0.0,0.0,0.0,0.0,0.0,0.0,1.0,0.0,0.0
0,0,,1.0,0.0,0.0,0.0,0.0,0.0,0.0,0.0,0.0,0.0
6,6,,0.0,0.0,0.0,0.0,0.0,0.0,1.0,0.0,0.0,0.0
5,5,,0.0,0.0,0.0,0.0,0.0,1.0,0.0,0.0,0.0,0.0
5,9,,0.0,0.0,0.0,0.0,0.0,0.0,0.0,0.0,0.0,1.0
9,9,,0.0,0.0,0.0,0.0,0.0,0.0,0.0,0.0,0.0,1.0
8,5,,0.0,0.0,0.0,0.0,0.0,1.0,0.0,0.0,0.0,0.0
5,5,,0.0,0.0,0.0,0.0,0.0,1.0,0.0,0.0,0.0,0.0
0,0,,1.0,0.0,0.0,0.0,0.0,0.0,0.0,0.0,0.0,0.0
0,0,,1.0,0.0,0.0,0.0,0.0,0.0,0.0,0.0,0.0,0.0
3,3,,0.0,0.0,0.0,1.0,0.0,0.0,0.0,0.0,0.0,0.0
6,6,,0.0,0.0,0.0,0.0,0.0,0.0,1.0,0.0,0.0,0.0
9,9,,0.0,0.0,0.0,0.0,0.0,0.0,0.0,0.0,0.0,1.0
3,3,,0.0,0.0,0.0,1.0,0.0,0.0,0.0,0.0,0.0,0.0
2,2,,0.0,0.0,1.0,0.0,0.0,0.0,0.0,0.0,0.0,0.0
8,3,,0.0,0.0,0.0,1.0,0.0,0.0,0.0,0.0,0.0,0.0
8,8,,0.0,0.0,0.0,0.0,0.0,0.0,0.0,0.0,1.0,0.0
2,6,,0.0,0.0,0.0,0.0,0.0,0.0,1.0,0.0,0.0,0.0
9,9,,0.0,0.0,0.0,0.0,0.0,0.0,0.0,0.0,0.0,1.0
9,9,,0.0,0.0,0.0,0.0,0.0,0.0,0.0,0.0,0.0,1.0
4,4,,0.0,0.0,0.0,0.0,1.0,0.0,0.0,0.0,0.0,0.0
9,9,,0.0,0.0,0.0,0.0,0.0,0.0,0.0,0.0,0.0,1.0
9,9,,0.0,0.0,0.0,0.0,0.0,0.0,0.0,0.0,0.0,1.0
1,1,,0.0,1.0,0.0,0.0,0.0,0.0,0.0,0.0,0.0,0.0
9,9,,0.0,0.0,0.0,0.0,0.0,0.0,0.0,0.0,0.0,1.0
3,3,,0.0,0.0,0.0,1.0,0.0,0.0,0.0,0.0,0.0,0.0
5,5,,0.0,0.0,0.0,0.0,0.0,1.0,0.0,0.0,0.0,0.0
1,1,,0.0,1.0,0.0,0.0,0.0,0.0,0.0,0.0,0.0,0.0
3,3,,0.0,0.0,0.0,1.0,0.0,0.0,0.0,0.0,0.0,0.0
5,5,,0.0,0.0,0.0,0.0,0.0,1.0,0.0,0.0,0.0,0.0
1,1,,0.0,1.0,0.0,0.0,0.0,0.0,0.0,0.0,0.0,0.0
0,0,,1.0,0.0,0.0,0.0,0.0,0.0,0.0,0.0,0.0,0.0
6,6,,0.0,0.0,0.0,0.0,0.0,0.0,1.0,0.0,0.0,0.0
3,3,,0.0,0.0,0.0,1.0,0.0,0.0,0.0,0.0,0.0,0.0
6,6,,0.0,0.0,0.0,0.0,0.0,0.0,1.0,0.0,0.0,0.0
6,6,,0.0,0.0,0.0,0.0,0.0,0.0,1.0,0.0,0.0,0.0
0,0,,1.0,0.0,0.0,0.0,0.0,0.0,0.0,0.0,0.0,0.0
3,3,,0.0,0.0,0.0,1.0,0.0,0.0,0.0,0.0,0.0,0.0
8,8,,0.0,0.0,0.0,0.0,0.0,0.0,0.0,0.0,1.0,0.0
9,9,,0.0,0.0,0.0,0.0,0.0,0.0,0.0,0.0,0.0,1.0
3,3,,0.0,0.0,0.0,1.0,0.0,0.0,0.0,0.0,0.0,0.0
4,4,,0.0,0.0,0.0,0.0,1.0,0.0,0.0,0.0,0.0,0.0
1,1,,0.0,1.0,0.0,0.0,0.0,0.0,0.0,0.0,0.0,0.0
0,0,,1.0,0.0,0.0,0.0,0.0,0.0,0.0,0.0,0.0,0.0
3,3,,0.0,0.0,0.0,1.0,0.0,0.0,0.0,0.0,0.0,0.0
2,2,,0.0,0.0,1.0,0.0,0.0,0.0,0.0,0.0,0.0,0.0
6,6,,0.0,0.0,0.0,0.0,0.0,0.0,1.0,0.0,0.0,0.0
5,5,,0.0,0.0,0.0,0.0,0.0,1.0,0.0,0.0,0.0,0.0
0,0,,1.0,0.0,0.0,0.0,0.0,0.0,0.0,0.0,0.0,0.0
9,3,,0.0,0.0,0.0,1.0,0.0,0.0,0.0,0.0,0.0,0.0
2,2,,0.0,0.0,1.0,0.0,0.0,0.0,0.0,0.0,0.0,0.0
6,6,,0.0,0.0,0.0,0.0,0.0,0.0,1.0,0.0,0.0,0.0
0,0,,1.0,0.0,0.0,0.0,0.0,0.0,0.0,0.0,0.0,0.0
7,7,,0.0,0.0,0.0,0.0,0.0,0.0,0.0,1.0,0.0,0.0
4,4,,0.0,0.0,0.0,0.0,1.0,0.0,0.0,0.0,0.0,0.0
3,3,,0.0,0.0,0.0,1.0,0.0,0.0,0.0,0.0,0.0,0.0
4,4,,0.0,0.0,0.0,0.0,1.0,0.0,0.0,0.0,0.0,0.0
5,5,,0.0,0.0,0.0,0.0,0.0,1.0,0.0,0.0,0.0,0.0
4,4,,0.0,0.0,0.0,0.0,1.0,0.0,0.0,0.0,0.0,0.0
8,7,,0.0,0.0,0.0,0.0,0.0,0.0,0.0,1.0,0.0,0.0
0,0,,1.0,0.0,0.0,0.0,0.0,0.0,0.0,0.0,0.0,0.0
8,8,,0.0,0.0,0.0,0.0,0.0,0.0,0.0,0.0,1.0,0.0
0,0,,1.0,0.0,0.0,0.0,0.0,0.0,0.0,0.0,0.0,0.0
1,1,,0.0,1.0,0.0,0.0,0.0,0.0,0.0,0.0,0.0,0.0
1,1,,0.0,1.0,0.0,0.0,0.0,0.0,0.0,0.0,0.0,0.0
4,4,,0.0,0.0,0.0,0.0,1.0,0.0,0.0,0.0,0.0,0.0
8,8,,0.0,0.0,0.0,0.0,0.0,0.0,0.0,0.0,1.0,0.0
6,6,,0.0,0.0,0.0,0.0,0.0,0.0,1.0,0.0,0.0,0.0
8,8,,0.0,0.0,0.0,0.0,0.0,0.0,0.0,0.0,1.0,0.0
3,3,,0.0,0.0,0.0,1.0,0.0,0.0,0.0,0.0,0.0,0.0
8,4,,0.0,0.0,0.0,0.0,1.0,0.0,0.0,0.0,0.0,0.0
4,4,,0.0,0.0,0.0,0.0,1.0,0.0,0.0,0.0,0.0,0.0
3,3,,0.0,0.0,0.0,1.0,0.0,0.0,0.0,0.0,0.0,0.0
5,5,,0.0,0.0,0.0,0.0,0.0,1.0,0.0,0.0,0.0,0.0
4,4,,0.0,0.0,0.0,0.0,1.0,0.0,0.0,0.0,0.0,0.0
4,4,,0.0,0.0,0.0,0.0,1.0,0.0,0.0,0.0,0.0,0.0
2,2,,0.0,0.0,1.0,0.0,0.0,0.0,0.0,0.0,0.0,0.0
6,6,,0.0,0.0,0.0,0.0,0.0,0.0,1.0,0.0,0.0,0.0
0,7,,0.0,0.0,0.0,0.0,0.0,0.0,0.0,1.0,0.0,0.0
0,0,,1.0,0.0,0.0,0.0,0.0,0.0,0.0,0.0,0.0,0.0
5,5,,0.0,0.0,0.0,0.0,0.0,1.0,0.0,0.0,0.0,0.0
6,6,,0.0,0.0,0.0,0.0,0.0,0.0,1.0,0.0,0.0,0.0
3,3,,0.0,0.0,0.0,1.0,0.0,0.0,0.0,0.0,0.0,0.0
5,5,,0.0,0.0,0.0,0.0,0.0,1.0,0.0,0.0,0.0,0.0
8,5,,0.0,0.0,0.0,0.0,0.0,1.0,0.0,0.0,0.0,0.0
9,9,,0.0,0.0,0.0,0.0,0.0,0.0,0.0,0.0,0.0,1.0
8,5,,0.0,0.0,0.0,0.0,0.0,1.0,0.0,0.0,0.0,0.0
1,1,,0.0,1.0,0.0,0.0,0.0,0.0,0.0,0.0,0.0,0.0
7,7,,0.0,0.0,0.0,0.0,0.0,0.0,0.0,1.0,0.0,0.0
8,8,,0.0,0.0,0.0,0.0,0.0,0.0,0.0,0.0,1.0,0.0
8,8,,0.0,0.0,0.0,0.0,0.0,0.0,0.0,0.0,1.0,0.0
7,7,,0.0,0.0,0.0,0.0,0.0,0.0,0.0,1.0,0.0,0.0
0,0,,1.0,0.0,0.0,0.0,0.0,0.0,0.0,0.0,0.0,0.0
6,6,,0.0,0.0,0.0,0.0,0.0,0.0,1.0,0.0,0.0,0.0
6,6,,0.0,0.0,0.0,0.0,0.0,0.0,1.0,0.0,0.0,0.0
0,0,,1.0,0.0,0.0,0.0,0.0,0.0,0.0,0.0,0.0,0.0
3,3,,0.0,0.0,0.0,1.0,0.0,0.0,0.0,0.0,0.0,0.0
5,5,,0.0,0.0,0.0,0.0,0.0,1.0,0.0,0.0,0.0,0.0
5,5,,0.0,0.0,0.0,0.0,0.0,1.0,0.0,0.0,0.0,0.0
9,9,,0.0,0.0,0.0,0.0,0.0,0.0,0.0,0.0,0.0,1.0
9,9,,0.0,0.0,0.0,0.0,0.0,0.0,0.0,0.0,0.0,1.0
5,5,,0.0,0.0,0.0,0.0,0.0,1.0,0.0,0.0,0.0,0.0
8,8,,0.0,0.0,0.0,0.0,0.0,0.0,0.0,0.0,1.0,0.0
8,8,,0.0,0.0,0.0,0.0,0.0,0.0,0.0,0.0,1.0,0.0
6,6,,0.0,0.0,0.0,0.0,0.0,0.0,1.0,0.0,0.0,0.0
9,9,,0.0,0.0,0.0,0.0,0.0,0.0,0.0,0.0,0.0,1.0
5,5,,0.0,0.0,0.0,0.0,0.0,1.0,0.0,0.0,0.0,0.0
0,0,,1.0,0.0,0.0,0.0,0.0,0.0,0.0,0.0,0.0,0.0
3,3,,0.0,0.0,0.0,1.0,0.0,0.0,0.0,0.0,0.0,0.0
8,8,,0.0,0.0,0.0,0.0,0.0,0.0,0.0,0.0,1.0,0.0
1,7,,0.0,0.0,0.0,0.0,0.0,0.0,0.0,1.0,0.0,0.0
7,7,,0.0,0.0,0.0,0.0,0.0,0.0,0.0,1.0,0.0,0.0
4,4,,0.0,0.0,0.0,0.0,1.0,0.0,0.0,0.0,0.0,0.0
3,3,,0.0,0.0,0.0,1.0,0.0,0.0,0.0,0.0,0.0,0.0
7,7,,0.0,0.0,0.0,0.0,0.0,0.0,0.0,1.0,0.0,0.0
7,7,,0.0,0.0,0.0,0.0,0.0,0.0,0.0,1.0,0.0,0.0
2,2,,0.0,0.0,1.0,0.0,0.0,0.0,0.0,0.0,0.0,0.0
7,7,,0.0,0.0,0.0,0.0,0.0,0.0,0.0,1.0,0.0,0.0
4,4,,0.0,0.0,0.0,0.0,1.0,0.0,0.0,0.0,0.0,0.0
4,4,,0.0,0.0,0.0,0.0,1.0,0.0,0.0,0.0,0.0,0.0
7,7,,0.0,0.0,0.0,0.0,0.0,0.0,0.0,1.0,0.0,0.0
8,5,,0.0,0.0,0.0,0.0,0.0,1.0,0.0,0.0,0.0,0.0
2,4,,0.0,0.0,0.0,0.0,1.0,0.0,0.0,0.0,0.0,0.0
5,5,,0.0,0.0,0.0,0.0,0.0,1.0,0.0,0.0,0.0,0.0
2,8,,0.0,0.0,0.0,0.0,0.0,0.0,0.0,0.0,1.0,0.0
8,8,,0.0,0.0,0.0,0.0,0.0,0.0,0.0,0.0,1.0,0.0
0,0,,1.0,0.0,0.0,0.0,0.0,0.0,0.0,0.0,0.0,0.0
4,4,,0.0,0.0,0.0,0.0,1.0,0.0,0.0,0.0,0.0,0.0
5,0,,1.0,0.0,0.0,0.0,0.0,0.0,0.0,0.0,0.0,0.0
2,9,,0.0,0.0,0.0,0.0,0.0,0.0,0.0,0.0,0.0,1.0
0,0,,1.0,0.0,0.0,0.0,0.0,0.0,0.0,0.0,0.0,0.0
9,9,,0.0,0.0,0.0,0.0,0.0,0.0,0.0,0.0,0.0,1.0
7,7,,0.0,0.0,0.0,0.0,0.0,0.0,0.0,1.0,0.0,0.0
2,2,,0.0,0.0,1.0,0.0,0.0,0.0,0.0,0.0,0.0,0.0
5,5,,0.0,0.0,0.0,0.0,0.0,1.0,0.0,0.0,0.0,0.0
2,6,,0.0,0.0,0.0,0.0,0.0,0.0,1.0,0.0,0.0,0.0
8,8,,0.0,0.0,0.0,0.0,0.0,0.0,0.0,0.0,1.0,0.0
6,6,,0.0,0.0,0.0,0.0,0.0,0.0,1.0,0.0,0.0,0.0
7,7,,0.0,0.0,0.0,0.0,0.0,0.0,0.0,1.0,0.0,0.0
7,7,,0.0,0.0,0.0,0.0,0.0,0.0,0.0,1.0,0.0,0.0
2,2,,0.0,0.0,1.0,0.0,0.0,0.0,0.0,0.0,0.0,0.0
0,0,,1.0,0.0,0.0,0.0,0.0,0.0,0.0,0.0,0.0,0.0
0,0,,1.0,0.0,0.0,0.0,0.0,0.0,0.0,0.0,0.0,0.0
0,0,,1.0,0.0,0.0,0.0,0.0,0.0,0.0,0.0,0.0,0.0
4,4,,0.0,0.0,0.0,0.0,1.0,0.0,0.0,0.0,0.0,0.0
4,4,,0.0,0.0,0.0,0.0,1.0,0.0,0.0,0.0,0.0,0.0
9,9,,0.0,0.0,0.0,0.0,0.0,0.0,0.0,0.0,0.0,1.0
9,9,,0.0,0.0,0.0,0.0,0.0,0.0,0.0,0.0,0.0,1.0
1,1,,0.0,1.0,0.0,0.0,0.0,0.0,0.0,0.0,0.0,0.0
9,9,,0.0,0.0,0.0,0.0,0.0,0.0,0.0,0.0,0.0,1.0
5,5,,0.0,0.0,0.0,0.0,0.0,1.0,0.0,0.0,0.0,0.0
0,0,,1.0,0.0,0.0,0.0,0.0,0.0,0.0,0.0,0.0,0.0
8,9,,0.0,0.0,0.0,0.0,0.0,0.0,0.0,0.0,0.0,1.0
3,3,,0.0,0.0,0.0,1.0,0.0,0.0,0.0,0.0,0.0,0.0
1,1,,0.0,1.0,0.0,0.0,0.0,0.0,0.0,0.0,0.0,0.0
7,7,,0.0,0.0,0.0,0.0,0.0,0.0,0.0,1.0,0.0,0.0
9,9,,0.0,0.0,0.0,0.0,0.0,0.0,0.0,0.0,0.0,1.0
2,7,,0.0,0.0,0.0,0.0,0.0,0.0,0.0,1.0,0.0,0.0
3,3,,0.0,0.0,0.0,1.0,0.0,0.0,0.0,0.0,0.0,0.0
6,6,,0.0,0.0,0.0,0.0,0.0,0.0,1.0,0.0,0.0,0.0
5,5,,0.0,0.0,0.0,0.0,0.0,1.0,0.0,0.0,0.0,0.0
5,5,,0.0,0.0,0.0,0.0,0.0,1.0,0.0,0.0,0.0,0.0
0,0,,1.0,0.0,0.0,0.0,0.0,0.0,0.0,0.0,0.0,0.0
1,1,,0.0,1.0,0.0,0.0,0.0,0.0,0.0,0.0,0.0,0.0
2,9,,0.0,0.0,0.0,0.0,0.0,0.0,0.0,0.0,0.0,1.0
1,1,,0.0,1.0,0.0,0.0,0.0,0.0,0.0,0.0,0.0,0.0
9,9,,0.0,0.0,0.0,0.0,0.0,0.0,0.0,0.0,0.0,1.0
4,4,,0.0,0.0,0.0,0.0,1.0,0.0,0.0,0.0,0.0,0.0
4,4,,0.0,0.0,0.0,0.0,1.0,0.0,0.0,0.0,0.0,0.0
5,5,,0.0,0.0,0.0,0.0,0.0,1.0,0.0,0.0,0.0,0.0
2,2,,0.0,0.0,1.0,0.0,0.0,0.0,0.0,0.0,0.0,0.0
5,5,,0.0,0.0,0.0,0.0,0.0,1.0,0.0,0.0,0.0,0.0
9,9,,0.0,0.0,0.0,0.0,0.0,0.0,0.0,0.0,0.0,1.0
4,4,,0.0,0.0,0.0,0.0,1.0,0.0,0.0,0.0,0.0,0.0
5,5,,0.0,0.0,0.0,0.0,0.0,1.0,0.0,0.0,0.0,0.0
2,2,,0.0,0.0,1.0,0.0,0.0,0.0,0.0,0.0,0.0,0.0
1,1,,0.0,1.0,0.0,0.0,0.0,0.0,0.0,0.0,0.0,0.0
4,4,,0.0,0.0,0.0,0.0,1.0,0.0,0.0,0.0,0.0,0.0
8,8,,0.0,0.0,0.0,0.0,0.0,0.0,0.0,0.0,1.0,0.0
0,0,,1.0,0.0,0.0,0.0,0.0,0.0,0.0,0.0,0.0,0.0
7,7,,0.0,0.0,0.0,0.0,0.0,0.0,0.0,1.0,0.0,0.0
1,7,,0.0,0.0,0.0,0.0,0.0,0.0,0.0,1.0,0.0,0.0
7,7,,0.0,0.0,0.0,0.0,0.0,0.0,0.0,1.0,0.0,0.0
4,4,,0.0,0.0,0.0,0.0,1.0,0.0,0.0,0.0,0.0,0.0
8,7,,0.0,0.0,0.0,0.0,0.0,0.0,0.0,1.0,0.0,0.0
2,5,,0.0,0.0,0.0,0.0,0.0,1.0,0.0,0.0,0.0,0.0
1,1,,0.0,1.0,0.0,0.0,0.0,0.0,0.0,0.0,0.0,0.0
6,6,,0.0,0.0,0.0,0.0,0.0,0.0,1.0,0.0,0.0,0.0
9,9,,0.0,0.0,0.0,0.0,0.0,0.0,0.0,0.0,0.0,1.0
4,4,,0.0,0.0,0.0,0.0,1.0,0.0,0.0,0.0,0.0,0.0
0,0,,1.0,0.0,0.0,0.0,0.0,0.0,0.0,0.0,0.0,0.0
9,5,,0.0,0.0,0.0,0.0,0.0,1.0,0.0,0.0,0.0,0.0
7,2,,0.0,0.0,1.0,0.0,0.0,0.0,0.0,0.0,0.0,0.0
4,4,,0.0,0.0,0.0,0.0,1.0,0.0,0.0,0.0,0.0,0.0
2,2,,0.0,0.0,1.0,0.0,0.0,0.0,0.0,0.0,0.0,0.0
9,9,,0.0,0.0,0.0,0.0,0.0,0.0,0.0,0.0,0.0,1.0
3,3,,0.0,0.0,0.0,1.0,0.0,0.0,0.0,0.0,0.0,0.0
8,8,,0.0,0.0,0.0,0.0,0.0,0.0,0.0,0.0,1.0,0.0
8,0,,1.0,0.0,0.0,0.0,0.0,0.0,0.0,0.0,0.0,0.0
7,7,,0.0,0.0,0.0,0.0,0.0,0.0,0.0,1.0,0.0,0.0
0,0,,1.0,0.0,0.0,0.0,0.0,0.0,0.0,0.0,0.0,0.0
7,7,,0.0,0.0,0.0,0.0,0.0,0.0,0.0,1.0,0.0,0.0
3,3,,0.0,0.0,0.0,1.0,0.0,0.0,0.0,0.0,0.0,0.0
2,7,,0.0,0.0,0.0,0.0,0.0,0.0,0.0,1.0,0.0,0.0
5,5,,0.0,0.0,0.0,0.0,0.0,1.0,0.0,0.0,0.0,0.0
6,6,,0.0,0.0,0.0,0.0,0.0,0.0,1.0,0.0,0.0,0.0
2,2,,0.0,0.0,1.0,0.0,0.0,0.0,0.0,0.0,0.0,0.0
5,3,,0.0,0.0,0.0,1.0,0.0,0.0,0.0,0.0,0.0,0.0
3,3,,0.0,0.0,0.0,1.0,0.0,0.0,0.0,0.0,0.0,0.0
7,7,,0.0,0.0,0.0,0.0,0.0,0.0,0.0,1.0,0.0,0.0
9,9,,0.0,0.0,0.0,0.0,0.0,0.0,0.0,0.0,0.0,1.0
9,9,,0.0,0.0,0.0,0.0,0.0,0.0,0.0,0.0,0.0,1.0
3,3,,0.0,0.0,0.0,1.0,0.0,0.0,0.0,0.0,0.0,0.0
7,7,,0.0,0.0,0.0,0.0,0.0,0.0,0.0,1.0,0.0,0.0
9,9,,0.0,0.0,0.0,0.0,0.0,0.0,0.0,0.0,0.0,1.0
6,6,,0.0,0.0,0.0,0.0,0.0,0.0,1.0,0.0,0.0,0.0
7,7,,0.0,0.0,0.0,0.0,0.0,0.0,0.0,1.0,0.0,0.0
1,8,,0.0,0.0,0.0,0.0,0.0,0.0,0.0,0.0,1.0,0.0
4,4,,0.0,0.0,0.0,0.0,1.0,0.0,0.0,0.0,0.0,0.0
7,7,,0.0,0.0,0.0,0.0,0.0,0.0,0.0,1.0,0.0,0.0
7,7,,0.0,0.0,0.0,0.0,0.0,0.0,0.0,1.0,0.0,0.0
8,8,,0.0,0.0,0.0,0.0,0.0,0.0,0.0,0.0,1.0,0.0
8,8,,0.0,0.0,0.0,0.0,0.0,0.0,0.0,0.0,1.0,0.0
9,9,,0.0,0.0,0.0,0.0,0.0,0.0,0.0,0.0,0.0,1.0
6,6,,0.0,0.0,0.0,0.0,0.0,0.0,1.0,0.0,0.0,0.0
4,4,,0.0,0.0,0.0,0.0,1.0,0.0,0.0,0.0,0.0,0.0
0,0,,1.0,0.0,0.0,0.0,0.0,0.0,0.0,0.0,0.0,0.0
8,8,,0.0,0.0,0.0,0.0,0.0,0.0,0.0,0.0,1.0,0.0
4,4,,0.0,0.0,0.0,0.0,1.0,0.0,0.0,0.0,0.0,0.0
2,1,,0.0,1.0,0.0,0.0,0.0,0.0,0.0,0.0,0.0,0.0
0,0,,1.0,0.0,0.0,0.0,0.0,0.0,0.0,0.0,0.0,0.0
0,0,,1.0,0.0,0.0,0.0,0.0,0.0,0.0,0.0,0.0,0.0
9,9,,0.0,0.0,0.0,0.0,0.0,0.0,0.0,0.0,0.0,1.0
6,6,,0.0,0.0,0.0,0.0,0.0,0.0,1.0,0.0,0.0,0.0
0,0,,1.0,0.0,0.0,0.0,0.0,0.0,0.0,0.0,0.0,0.0
8,3,,0.0,0.0,0.0,1.0,0.0,0.0,0.0,0.0,0.0,0.0
4,4,,0.0,0.0,0.0,0.0,1.0,0.0,0.0,0.0,0.0,0.0
5,5,,0.0,0.0,0.0,0.0,0.0,1.0,0.0,0.0,0.0,0.0
5,5,,0.0,0.0,0.0,0.0,0.0,1.0,0.0,0.0,0.0,0.0
4,4,,0.0,0.0,0.0,0.0,1.0,0.0,0.0,0.0,0.0,0.0
9,9,,0.0,0.0,0.0,0.0,0.0,0.0,0.0,0.0,0.0,1.0
3,3,,0.0,0.0,0.0,1.0,0.0,0.0,0.0,0.0,0.0,0.0
7,7,,0.0,0.0,0.0,0.0,0.0,0.0,0.0,1.0,0.0,0.0
5,5,,0.0,0.0,0.0,0.0,0.0,1.0,0.0,0.0,0.0,0.0
0,0,,1.0,0.0,0.0,0.0,0.0,0.0,0.0,0.0,0.0,0.0
8,8,,0.0,0.0,0.0,0.0,0.0,0.0,0.0,0.0,1.0,0.0
9,5,,0.0,0.0,0.0,0.0,0.0,1.0,0.0,0.0,0.0,0.0
7,7,,0.0,0.0,0.0,0.0,0.0,0.0,0.0,1.0,0.0,0.0
4,4,,0.0,0.0,0.0,0.0,1.0,0.0,0.0,0.0,0.0,0.0
3,3,,0.0,0.0,0.0,1.0,0.0,0.0,0.0,0.0,0.0,0.0
9,3,,0.0,0.0,0.0,1.0,0.0,0.0,0.0,0.0,0.0,0.0
6,6,,0.0,0.0,0.0,0.0,0.0,0.0,1.0,0.0,0.0,0.0
7,7,,0.0,0.0,0.0,0.0,0.0,0.0,0.0,1.0,0.0,0.0
1,1,,0.0,1.0,0.0,0.0,0.0,0.0,0.0,0.0,0.0,0.0
0,0,,1.0,0.0,0.0,0.0,0.0,0.0,0.0,0.0,0.0,0.0
0,0,,1.0,0.0,0.0,0.0,0.0,0.0,0.0,0.0,0.0,0.0
4,4,,0.0,0.0,0.0,0.0,1.0,0.0,0.0,0.0,0.0,0.0
0,0,,1.0,0.0,0.0,0.0,0.0,0.0,0.0,0.0,0.0,0.0
3,3,,0.0,0.0,0.0,1.0,0.0,0.0,0.0,0.0,0.0,0.0
3,3,,0.0,0.0,0.0,1.0,0.0,0.0,0.0,0.0,0.0,0.0
2,4,,0.0,0.0,0.0,0.0,1.0,0.0,0.0,0.0,0.0,0.0
8,2,,0.0,0.0,1.0,0.0,0.0,0.0,0.0,0.0,0.0,0.0
4,4,,0.0,0.0,0.0,0.0,1.0,0.0,0.0,0.0,0.0,0.0
0,0,,1.0,0.0,0.0,0.0,0.0,0.0,0.0,0.0,0.0,0.0
9,9,,0.0,0.0,0.0,0.0,0.0,0.0,0.0,0.0,0.0,1.0
4,4,,0.0,0.0,0.0,0.0,1.0,0.0,0.0,0.0,0.0,0.0
9,9,,0.0,0.0,0.0,0.0,0.0,0.0,0.0,0.0,0.0,1.0
1,1,,0.0,1.0,0.0,0.0,0.0,0.0,0.0,0.0,0.0,0.0
9,6,,0.0,0.0,0.0,0.0,0.0,0.0,1.0,0.0,0.0,0.0
3,3,,0.0,0.0,0.0,1.0,0.0,0.0,0.0,0.0,0.0,0.0
2,2,,0.0,0.0,1.0,0.0,0.0,0.0,0.0,0.0,0.0,0.0
8,8,,0.0,0.0,0.0,0.0,0.0,0.0,0.0,0.0,1.0,0.0
4,4,,0.0,0.0,0.0,0.0,1.0,0.0,0.0,0.0,0.0,0.0
4,4,,0.0,0.0,0.0,0.0,1.0,0.0,0.0,0.0,0.0,0.0
8,8,,0.0,0.0,0.0,0.0,0.0,0.0,0.0,0.0,1.0,0.0
8,8,,0.0,0.0,0.0,0.0,0.0,0.0,0.0,0.0,1.0,0.0
0,0,,1.0,0.0,0.0,0.0,0.0,0.0,0.0,0.0,0.0,0.0
3,3,,0.0,0.0,0.0,1.0,0.0,0.0,0.0,0.0,0.0,0.0
8,8,,0.0,0.0,0.0,0.0,0.0,0.0,0.0,0.0,1.0,0.0
6,6,,0.0,0.0,0.0,0.0,0.0,0.0,1.0,0.0,0.0,0.0
8,8,,0.0,0.0,0.0,0.0,0.0,0.0,0.0,0.0,1.0,0.0
2,2,,0.0,0.0,1.0,0.0,0.0,0.0,0.0,0.0,0.0,0.0
2,9,,0.0,0.0,0.0,0.0,0.0,0.0,0.0,0.0,0.0,1.0
3,9,,0.0,0.0,0.0,0.0,0.0,0.0,0.0,0.0,0.0,1.0
8,8,,0.0,0.0,0.0,0.0,0.0,0.0,0.0,0.0,1.0,0.0
5,5,,0.0,0.0,0.0,0.0,0.0,1.0,0.0,0.0,0.0,0.0
5,9,,0.0,0.0,0.0,0.0,0.0,0.0,0.0,0.0,0.0,1.0
3,3,,0.0,0.0,0.0,1.0,0.0,0.0,0.0,0.0,0.0,0.0
9,9,,0.0,0.0,0.0,0.0,0.0,0.0,0.0,0.0,0.0,1.0
2,2,,0.0,0.0,1.0,0.0,0.0,0.0,0.0,0.0,0.0,0.0
3,9,,0.0,0.0,0.0,0.0,0.0,0.0,0.0,0.0,0.0,1.0
9,9,,0.0,0.0,0.0,0.0,0.0,0.0,0.0,0.0,0.0,1.0
9,9,,0.0,0.0,0.0,0.0,0.0,0.0,0.0,0.0,0.0,1.0
4,4,,0.0,0.0,0.0,0.0,1.0,0.0,0.0,0.0,0.0,0.0
8,4,,0.0,0.0,0.0,0.0,1.0,0.0,0.0,0.0,0.0,0.0
9,9,,0.0,0.0,0.0,0.0,0.0,0.0,0.0,0.0,0.0,1.0
1,1,,0.0,1.0,0.0,0.0,0.0,0.0,0.0,0.0,0.0,0.0
0,0,,1.0,0.0,0.0,0.0,0.0,0.0,0.0,0.0,0.0,0.0
2,2,,0.0,0.0,1.0,0.0,0.0,0.0,0.0,0.0,0.0,0.0
7,7,,0.0,0.0,0.0,0.0,0.0,0.0,0.0,1.0,0.0,0.0
1,1,,0.0,1.0,0.0,0.0,0.0,0.0,0.0,0.0,0.0,0.0
3,9,,0.0,0.0,0.0,0.0,0.0,0.0,0.0,0.0,0.0,1.0
9,9,,0.0,0.0,0.0,0.0,0.0,0.0,0.0,0.0,0.0,1.0
5,5,,0.0,0.0,0.0,0.0,0.0,1.0,0.0,0.0,0.0,0.0
6,6,,0.0,0.0,0.0,0.0,0.0,0.0,1.0,0.0,0.0,0.0
0,0,,1.0,0.0,0.0,0.0,0.0,0.0,0.0,0.0,0.0,0.0
8,8,,0.0,0.0,0.0,0.0,0.0,0.0,0.0,0.0,1.0,0.0
6,6,,0.0,0.0,0.0,0.0,0.0,0.0,1.0,0.0,0.0,0.0
1,8,,0.0,0.0,0.0,0.0,0.0,0.0,0.0,0.0,1.0,0.0
6,6,,0.0,0.0,0.0,0.0,0.0,0.0,1.0,0.0,0.0,0.0
7,0,,1.0,0.0,0.0,0.0,0.0,0.0,0.0,0.0,0.0,0.0
2,9,,0.0,0.0,0.0,0.0,0.0,0.0,0.0,0.0,0.0,1.0
7,7,,0.0,0.0,0.0,0.0,0.0,0.0,0.0,1.0,0.0,0.0
0,0,,1.0,0.0,0.0,0.0,0.0,0.0,0.0,0.0,0.0,0.0
7,7,,0.0,0.0,0.0,0.0,0.0,0.0,0.0,1.0,0.0,0.0
4,4,,0.0,0.0,0.0,0.0,1.0,0.0,0.0,0.0,0.0,0.0
9,9,,0.0,0.0,0.0,0.0,0.0,0.0,0.0,0.0,0.0,1.0
7,7,,0.0,0.0,0.0,0.0,0.0,0.0,0.0,1.0,0.0,0.0
5,5,,0.0,0.0,0.0,0.0,0.0,1.0,0.0,0.0,0.0,0.0
1,1,,0.0,1.0,0.0,0.0,0.0,0.0,0.0,0.0,0.0,0.0
8,8,,0.0,0.0,0.0,0.0,0.0,0.0,0.0,0.0,1.0,0.0
2,9,,0.0,0.0,0.0,0.0,0.0,0.0,0.0,0.0,0.0,1.0
5,5,,0.0,0.0,0.0,0.0,0.0,1.0,0.0,0.0,0.0,0.0
1,1,,0.0,1.0,0.0,0.0,0.0,0.0,0.0,0.0,0.0,0.0
1,1,,0.0,1.0,0.0,0.0,0.0,0.0,0.0,0.0,0.0,0.0
7,7,,0.0,0.0,0.0,0.0,0.0,0.0,0.0,1.0,0.0,0.0
5,5,,0.0,0.0,0.0,0.0,0.0,1.0,0.0,0.0,0.0,0.0
7,7,,0.0,0.0,0.0,0.0,0.0,0.0,0.0,1.0,0.0,0.0
1,1,,0.0,1.0,0.0,0.0,0.0,0.0,0.0,0.0,0.0,0.0
4,4,,0.0,0.0,0.0,0.0,1.0,0.0,0.0,0.0,0.0,0.0
6,6,,0.0,0.0,0.0,0.0,0.0,0.0,1.0,0.0,0.0,0.0
1,8,,0.0,0.0,0.0,0.0,0.0,0.0,0.0,0.0,1.0,0.0
2,2,,0.0,0.0,1.0,0.0,0.0,0.0,0.0,0.0,0.0,0.0
0,0,,1.0,0.0,0.0,0.0,0.0,0.0,0.0,0.0,0.0,0.0
1,1,,0.0,1.0,0.0,0.0,0.0,0.0,0.0,0.0,0.0,0.0
8,8,,0.0,0.0,0.0,0.0,0.0,0.0,0.0,0.0,1.0,0.0
9,9,,0.0,0.0,0.0,0.0,0.0,0.0,0.0,0.0,0.0,1.0
8,2,,0.0,0.0,1.0,0.0,0.0,0.0,0.0,0.0,0.0,0.0
6,6,,0.0,0.0,0.0,0.0,0.0,0.0,1.0,0.0,0.0,0.0
0,0,,1.0,0.0,0.0,0.0,0.0,0.0,0.0,0.0,0.0,0.0
4,4,,0.0,0.0,0.0,0.0,1.0,0.0,0.0,0.0,0.0,0.0
9,8,,0.0,0.0,0.0,0.0,0.0,0.0,0.0,0.0,1.0,0.0
1,0,,1.0,0.0,0.0,0.0,0.0,0.0,0.0,0.0,0.0,0.0
9,9,,0.0,0.0,0.0,0.0,0.0,0.0,0.0,0.0,0.0,1.0
5,5,,0.0,0.0,0.0,0.0,0.0,1.0,0.0,0.0,0.0,0.0
5,5,,0.0,0.0,0.0,0.0,0.0,1.0,0.0,0.0,0.0,0.0
3,3,,0.0,0.0,0.0,1.0,0.0,0.0,0.0,0.0,0.0,0.0
6,6,,0.0,0.0,0.0,0.0,0.0,0.0,1.0,0.0,0.0,0.0
2,4,,0.0,0.0,0.0,0.0,1.0,0.0,0.0,0.0,0.0,0.0
5,5,,0.0,0.0,0.0,0.0,0.0,1.0,0.0,0.0,0.0,0.0
1,1,,0.0,1.0,0.0,0.0,0.0,0.0,0.0,0.0,0.0,0.0
0,0,,1.0,0.0,0.0,0.0,0.0,0.0,0.0,0.0,0.0,0.0
0,0,,1.0,0.0,0.0,0.0,0.0,0.0,0.0,0.0,0.0,0.0
5,5,,0.0,0.0,0.0,0.0,0.0,1.0,0.0,0.0,0.0,0.0
4,4,,0.0,0.0,0.0,0.0,1.0,0.0,0.0,0.0,0.0,0.0
6,6,,0.0,0.0,0.0,0.0,0.0,0.0,1.0,0.0,0.0,0.0
8,8,,0.0,0.0,0.0,0.0,0.0,0.0,0.0,0.0,1.0,0.0
0,0,,1.0,0.0,0.0,0.0,0.0,0.0,0.0,0.0,0.0,0.0
4,4,,0.0,0.0,0.0,0.0,1.0,0.0,0.0,0.0,0.0,0.0
9,9,,0.0,0.0,0.0,0.0,0.0,0.0,0.0,0.0,0.0,1.0
3,3,,0.0,0.0,0.0,1.0,0.0,0.0,0.0,0.0,0.0,0.0
3,3,,0.0,0.0,0.0,1.0,0.0,0.0,0.0,0.0,0.0,0.0
6,6,,0.0,0.0,0.0,0.0,0.0,0.0,1.0,0.0,0.0,0.0
5,8,,0.0,0.0,0.0,0.0,0.0,0.0,0.0,0.0,1.0,0.0
9,3,,0.0,0.0,0.0,1.0,0.0,0.0,0.0,0.0,0.0,0.0
8,8,,0.0,0.0,0.0,0.0,0.0,0.0,0.0,0.0,1.0,0.0
3,6,,0.0,0.0,0.0,0.0,0.0,0.0,1.0,0.0,0.0,0.0
8,5,,0.0,0.0,0.0,0.0,0.0,1.0,0.0,0.0,0.0,0.0
7,7,,0.0,0.0,0.0,0.0,0.0,0.0,0.0,1.0,0.0,0.0
3,3,,0.0,0.0,0.0,1.0,0.0,0.0,0.0,0.0,0.0,0.0
6,6,,0.0,0.0,0.0,0.0,0.0,0.0,1.0,0.0,0.0,0.0
0,0,,1.0,0.0,0.0,0.0,0.0,0.0,0.0,0.0,0.0,0.0
8,8,,0.0,0.0,0.0,0.0,0.0,0.0,0.0,0.0,1.0,0.0
3,3,,0.0,0.0,0.0,1.0,0.0,0.0,0.0,0.0,0.0,0.0
6,6,,0.0,0.0,0.0,0.0,0.0,0.0,1.0,0.0,0.0,0.0
5,5,,0.0,0.0,0.0,0.0,0.0,1.0,0.0,0.0,0.0,0.0
5,5,,0.0,0.0,0.0,0.0,0.0,1.0,0.0,0.0,0.0,0.0
0,0,,1.0,0.0,0.0,0.0,0.0,0.0,0.0,0.0,0.0,0.0
1,1,,0.0,1.0,0.0,0.0,0.0,0.0,0.0,0.0,0.0,0.0
3,3,,0.0,0.0,0.0,1.0,0.0,0.0,0.0,0.0,0.0,0.0
2,2,,0.0,0.0,1.0,0.0,0.0,0.0,0.0,0.0,0.0,0.0
6,6,,0.0,0.0,0.0,0.0,0.0,0.0,1.0,0.0,0.0,0.0
1,1,,0.0,1.0,0.0,0.0,0.0,0.0,0.0,0.0,0.0,0.0
6,6,,0.0,0.0,0.0,0.0,0.0,0.0,1.0,0.0,0.0,0.0
5,5,,0.0,0.0,0.0,0.0,0.0,1.0,0.0,0.0,0.0,0.0
0,0,,1.0,0.0,0.0,0.0,0.0,0.0,0.0,0.0,0.0,0.0
1,1,,0.0,1.0,0.0,0.0,0.0,0.0,0.0,0.0,0.0,0.0
2,9,,0.0,0.0,0.0,0.0,0.0,0.0,0.0,0.0,0.0,1.0
4,4,,0.0,0.0,0.0,0.0,1.0,0.0,0.0,0.0,0.0,0.0
8,8,,0.0,0.0,0.0,0.0,0.0,0.0,0.0,0.0,1.0,0.0
4,4,,0.0,0.0,0.0,0.0,1.0,0.0,0.0,0.0,0.0,0.0
4,4,,0.0,0.0,0.0,0.0,1.0,0.0,0.0,0.0,0.0,0.0
8,8,,0.0,0.0,0.0,0.0,0.0,0.0,0.0,0.0,1.0,0.0
4,4,,0.0,0.0,0.0,0.0,1.0,0.0,0.0,0.0,0.0,0.0
7,7,,0.0,0.0,0.0,0.0,0.0,0.0,0.0,1.0,0.0,0.0
5,5,,0.0,0.0,0.0,0.0,0.0,1.0,0.0,0.0,0.0,0.0
0,0,,1.0,0.0,0.0,0.0,0.0,0.0,0.0,0.0,0.0,0.0
0,0,,1.0,0.0,0.0,0.0,0.0,0.0,0.0,0.0,0.0,0.0
1,1,,0.0,1.0,0.0,0.0,0.0,0.0,0.0,0.0,0.0,0.0
0,0,,1.0,0.0,0.0,0.0,0.0,0.0,0.0,0.0,0.0,0.0
7,7,,0.0,0.0,0.0,0.0,0.0,0.0,0.0,1.0,0.0,0.0
4,4,,0.0,0.0,0.0,0.0,1.0,0.0,0.0,0.0,0.0,0.0
4,4,,0.0,0.0,0.0,0.0,1.0,0.0,0.0,0.0,0.0,0.0
8,8,,0.0,0.0,0.0,0.0,0.0,0.0,0.0,0.0,1.0,0.0
8,4,,0.0,0.0,0.0,0.0,1.0,0.0,0.0,0.0,0.0,0.0
6,6,,0.0,0.0,0.0,0.0,0.0,0.0,1.0,0.0,0.0,0.0
8,8,,0.0,0.0,0.0,0.0,0.0,0.0,0.0,0.0,1.0,0.0
2,2,,0.0,0.0,1.0,0.0,0.0,0.0,0.0,0.0,0.0,0.0
9,9,,0.0,0.0,0.0,0.0,0.0,0.0,0.0,0.0,0.0,1.0
4,4,,0.0,0.0,0.0,0.0,1.0,0.0,0.0,0.0,0.0,0.0
4,4,,0.0,0.0,0.0,0.0,1.0,0.0,0.0,0.0,0.0,0.0
3,3,,0.0,0.0,0.0,1.0,0.0,0.0,0.0,0.0,0.0,0.0
1,1,,0.0,1.0,0.0,0.0,0.0,0.0,0.0,0.0,0.0,0.0
8,8,,0.0,0.0,0.0,0.0,0.0,0.0,0.0,0.0,1.0,0.0
6,6,,0.0,0.0,0.0,0.0,0.0,0.0,1.0,0.0,0.0,0.0
7,7,,0.0,0.0,0.0,0.0,0.0,0.0,0.0,1.0,0.0,0.0
8,8,,0.0,0.0,0.0,0.0,0.0,0.0,0.0,0.0,1.0,0.0
5,5,,0.0,0.0,0.0,0.0,0.0,1.0,0.0,0.0,0.0,0.0
3,3,,0.0,0.0,0.0,1.0,0.0,0.0,0.0,0.0,0.0,0.0
2,9,,0.0,0.0,0.0,0.0,0.0,0.0,0.0,0.0,0.0,1.0
2,2,,0.0,0.0,1.0,0.0,0.0,0.0,0.0,0.0,0.0,0.0
5,1,,0.0,1.0,0.0,0.0,0.0,0.0,0.0,0.0,0.0,0.0
2,4,,0.0,0.0,0.0,0.0,1.0,0.0,0.0,0.0,0.0,0.0
0,0,,1.0,0.0,0.0,0.0,0.0,0.0,0.0,0.0,0.0,0.0
1,1,,0.0,1.0,0.0,0.0,0.0,0.0,0.0,0.0,0.0,0.0
7,7,,0.0,0.0,0.0,0.0,0.0,0.0,0.0,1.0,0.0,0.0
9,5,,0.0,0.0,0.0,0.0,0.0,1.0,0.0,0.0,0.0,0.0
6,6,,0.0,0.0,0.0,0.0,0.0,0.0,1.0,0.0,0.0,0.0
0,0,,1.0,0.0,0.0,0.0,0.0,0.0,0.0,0.0,0.0,0.0
5,5,,0.0,0.0,0.0,0.0,0.0,1.0,0.0,0.0,0.0,0.0
6,6,,0.0,0.0,0.0,0.0,0.0,0.0,1.0,0.0,0.0,0.0
1,1,,0.0,1.0,0.0,0.0,0.0,0.0,0.0,0.0,0.0,0.0
8,8,,0.0,0.0,0.0,0.0,0.0,0.0,0.0,0.0,1.0,0.0
7,7,,0.0,0.0,0.0,0.0,0.0,0.0,0.0,1.0,0.0,0.0
9,9,,0.0,0.0,0.0,0.0,0.0,0.0,0.0,0.0,0.0,1.0
9,9,,0.0,0.0,0.0,0.0,0.0,0.0,0.0,0.0,0.0,1.0
8,9,,0.0,0.0,0.0,0.0,0.0,0.0,0.0,0.0,0.0,1.0
6,6,,0.0,0.0,0.0,0.0,0.0,0.0,1.0,0.0,0.0,0.0
3,3,,0.0,0.0,0.0,1.0,0.0,0.0,0.0,0.0,0.0,0.0
1,8,,0.0,0.0,0.0,0.0,0.0,0.0,0.0,0.0,1.0,0.0
4,4,,0.0,0.0,0.0,0.0,1.0,0.0,0.0,0.0,0.0,0.0
5,5,,0.0,0.0,0.0,0.0,0.0,1.0,0.0,0.0,0.0,0.0
9,9,,0.0,0.0,0.0,0.0,0.0,0.0,0.0,0.0,0.0,1.0
7,7,,0.0,0.0,0.0,0.0,0.0,0.0,0.0,1.0,0.0,0.0
4,4,,0.0,0.0,0.0,0.0,1.0,0.0,0.0,0.0,0.0,0.0
4,4,,0.0,0.0,0.0,0.0,1.0,0.0,0.0,0.0,0.0,0.0
4,4,,0.0,0.0,0.0,0.0,1.0,0.0,0.0,0.0,0.0,0.0
5,5,,0.0,0.0,0.0,0.0,0.0,1.0,0.0,0.0,0.0,0.0
1,1,,0.0,1.0,0.0,0.0,0.0,0.0,0.0,0.0,0.0,0.0
0,0,,1.0,0.0,0.0,0.0,0.0,0.0,0.0,0.0,0.0,0.0
3,3,,0.0,0.0,0.0,1.0,0.0,0.0,0.0,0.0,0.0,0.0
8,8,,0.0,0.0,0.0,0.0,0.0,0.0,0.0,0.0,1.0,0.0
5,5,,0.0,0.0,0.0,0.0,0.0,1.0,0.0,0.0,0.0,0.0
8,9,,0.0,0.0,0.0,0.0,0.0,0.0,0.0,0.0,0.0,1.0
8,8,,0.0,0.0,0.0,0.0,0.0,0.0,0.0,0.0,1.0,0.0
2,2,,0.0,0.0,1.0,0.0,0.0,0.0,0.0,0.0,0.0,0.0
4,4,,0.0,0.0,0.0,0.0,1.0,0.0,0.0,0.0,0.0,0.0
6,6,,0.0,0.0,0.0,0.0,0.0,0.0,1.0,0.0,0.0,0.0
4,4,,0.0,0.0,0.0,0.0,1.0,0.0,0.0,0.0,0.0,0.0
3,3,,0.0,0.0,0.0,1.0,0.0,0.0,0.0,0.0,0.0,0.0
3,3,,0.0,0.0,0.0,1.0,0.0,0.0,0.0,0.0,0.0,0.0
0,0,,1.0,0.0,0.0,0.0,0.0,0.0,0.0,0.0,0.0,0.0
2,2,,0.0,0.0,1.0,0.0,0.0,0.0,0.0,0.0,0.0,0.0
5,5,,0.0,0.0,0.0,0.0,0.0,1.0,0.0,0.0,0.0,0.0
3,3,,0.0,0.0,0.0,1.0,0.0,0.0,0.0,0.0,0.0,0.0
0,4,,0.0,0.0,0.0,0.0,1.0,0.0,0.0,0.0,0.0,0.0
5,5,,0.0,0.0,0.0,0.0,0.0,1.0,0.0,0.0,0.0,0.0
7,7,,0.0,0.0,0.0,0.0,0.0,0.0,0.0,1.0,0.0,0.0
3,3,,0.0,0.0,0.0,1.0,0.0,0.0,0.0,0.0,0.0,0.0
4,4,,0.0,0.0,0.0,0.0,1.0,0.0,0.0,0.0,0.0,0.0
9,9,,0.0,0.0,0.0,0.0,0.0,0.0,0.0,0.0,0.0,1.0
0,0,,1.0,0.0,0.0,0.0,0.0,0.0,0.0,0.0,0.0,0.0
6,6,,0.0,0.0,0.0,0.0,0.0,0.0,1.0,0.0,0.0,0.0
1,1,,0.0,1.0,0.0,0.0,0.0,0.0,0.0,0.0,0.0,0.0
3,3,,0.0,0.0,0.0,1.0,0.0,0.0,0.0,0.0,0.0,0.0
5,5,,0.0,0.0,0.0,0.0,0.0,1.0,0.0,0.0,0.0,0.0
9,2,,0.0,0.0,1.0,0.0,0.0,0.0,0.0,0.0,0.0,0.0
1,1,,0.0,1.0,0.0,0.0,0.0,0.0,0.0,0.0,0.0,0.0
8,4,,0.0,0.0,0.0,0.0,1.0,0.0,0.0,0.0,0.0,0.0
4,4,,0.0,0.0,0.0,0.0,1.0,0.0,0.0,0.0,0.0,0.0
0,0,,1.0,0.0,0.0,0.0,0.0,0.0,0.0,0.0,0.0,0.0
7,7,,0.0,0.0,0.0,0.0,0.0,0.0,0.0,1.0,0.0,0.0
4,4,,0.0,0.0,0.0,0.0,1.0,0.0,0.0,0.0,0.0,0.0
1,1,,0.0,1.0,0.0,0.0,0.0,0.0,0.0,0.0,0.0,0.0
3,3,,0.0,0.0,0.0,1.0,0.0,0.0,0.0,0.0,0.0,0.0
1,1,,0.0,1.0,0.0,0.0,0.0,0.0,0.0,0.0,0.0,0.0
3,3,,0.0,0.0,0.0,1.0,0.0,0.0,0.0,0.0,0.0,0.0
1,1,,0.0,1.0,0.0,0.0,0.0,0.0,0.0,0.0,0.0,0.0
6,6,,0.0,0.0,0.0,0.0,0.0,0.0,1.0,0.0,0.0,0.0
3,3,,0.0,0.0,0.0,1.0,0.0,0.0,0.0,0.0,0.0,0.0
7,1,,0.0,1.0,0.0,0.0,0.0,0.0,0.0,0.0,0.0,0.0
1,8,,0.0,0.0,0.0,0.0,0.0,0.0,0.0,0.0,1.0,0.0
0,0,,1.0,0.0,0.0,0.0,0.0,0.0,0.0,0.0,0.0,0.0
7,7,,0.0,0.0,0.0,0.0,0.0,0.0,0.0,1.0,0.0,0.0
4,4,,0.0,0.0,0.0,0.0,1.0,0.0,0.0,0.0,0.0,0.0
4,4,,0.0,0.0,0.0,0.0,1.0,0.0,0.0,0.0,0.0,0.0
2,1,,0.0,1.0,0.0,0.0,0.0,0.0,0.0,0.0,0.0,0.0
8,7,,0.0,0.0,0.0,0.0,0.0,0.0,0.0,1.0,0.0,0.0
4,4,,0.0,0.0,0.0,0.0,1.0,0.0,0.0,0.0,0.0,0.0
5,5,,0.0,0.0,0.0,0.0,0.0,1.0,0.0,0.0,0.0,0.0
0,0,,1.0,0.0,0.0,0.0,0.0,0.0,0.0,0.0,0.0,0.0
3,3,,0.0,0.0,0.0,1.0,0.0,0.0,0.0,0.0,0.0,0.0
4,4,,0.0,0.0,0.0,0.0,1.0,0.0,0.0,0.0,0.0,0.0
9,5,,0.0,0.0,0.0,0.0,0.0,1.0,0.0,0.0,0.0,0.0
4,4,,0.0,0.0,0.0,0.0,1.0,0.0,0.0,0.0,0.0,0.0
0,0,,1.0,0.0,0.0,0.0,0.0,0.0,0.0,0.0,0.0,0.0
4,4,,0.0,0.0,0.0,0.0,1.0,0.0,0.0,0.0,0.0,0.0
6,6,,0.0,0.0,0.0,0.0,0.0,0.0,1.0,0.0,0.0,0.0
5,5,,0.0,0.0,0.0,0.0,0.0,1.0,0.0,0.0,0.0,0.0
4,4,,0.0,0.0,0.0,0.0,1.0,0.0,0.0,0.0,0.0,0.0
4,4,,0.0,0.0,0.0,0.0,1.0,0.0,0.0,0.0,0.0,0.0
2,2,,0.0,0.0,1.0,0.0,0.0,0.0,0.0,0.0,0.0,0.0
1,1,,0.0,1.0,0.0,0.0,0.0,0.0,0.0,0.0,0.0,0.0
8,8,,0.0,0.0,0.0,0.0,0.0,0.0,0.0,0.0,1.0,0.0
3,3,,0.0,0.0,0.0,1.0,0.0,0.0,0.0,0.0,0.0,0.0
9,9,,0.0,0.0,0.0,0.0,0.0,0.0,0.0,0.0,0.0,1.0
1,1,,0.0,1.0,0.0,0.0,0.0,0.0,0.0,0.0,0.0,0.0
2,9,,0.0,0.0,0.0,0.0,0.0,0.0,0.0,0.0,0.0,1.0
6,6,,0.0,0.0,0.0,0.0,0.0,0.0,1.0,0.0,0.0,0.0
6,6,,0.0,0.0,0.0,0.0,0.0,0.0,1.0,0.0,0.0,0.0
2,2,,0.0,0.0,1.0,0.0,0.0,0.0,0.0,0.0,0.0,0.0
8,8,,0.0,0.0,0.0,0.0,0.0,0.0,0.0,0.0,1.0,0.0
2,2,,0.0,0.0,1.0,0.0,0.0,0.0,0.0,0.0,0.0,0.0
4,4,,0.0,0.0,0.0,0.0,1.0,0.0,0.0,0.0,0.0,0.0
8,0,,1.0,0.0,0.0,0.0,0.0,0.0,0.0,0.0,0.0,0.0
1,1,,0.0,1.0,0.0,0.0,0.0,0.0,0.0,0.0,0.0,0.0
2,2,,0.0,0.0,1.0,0.0,0.0,0.0,0.0,0.0,0.0,0.0
8,5,,0.0,0.0,0.0,0.0,0.0,1.0,0.0,0.0,0.0,0.0
1,1,,0.0,1.0,0.0,0.0,0.0,0.0,0.0,0.0,0.0,0.0
5,3,,0.0,0.0,0.0,1.0,0.0,0.0,0.0,0.0,0.0,0.0
3,9,,0.0,0.0,0.0,0.0,0.0,0.0,0.0,0.0,0.0,1.0
8,8,,0.0,0.0,0.0,0.0,0.0,0.0,0.0,0.0,1.0,0.0
3,3,,0.0,0.0,0.0,1.0,0.0,0.0,0.0,0.0,0.0,0.0
6,6,,0.0,0.0,0.0,0.0,0.0,0.0,1.0,0.0,0.0,0.0
6,6,,0.0,0.0,0.0,0.0,0.0,0.0,1.0,0.0,0.0,0.0
1,1,,0.0,1.0,0.0,0.0,0.0,0.0,0.0,0.0,0.0,0.0
8,0,,1.0,0.0,0.0,0.0,0.0,0.0,0.0,0.0,0.0,0.0
9,9,,0.0,0.0,0.0,0.0,0.0,0.0,0.0,0.0,0.0,1.0
7,7,,0.0,0.0,0.0,0.0,0.0,0.0,0.0,1.0,0.0,0.0
5,5,,0.0,0.0,0.0,0.0,0.0,1.0,0.0,0.0,0.0,0.0
1,7,,0.0,0.0,0.0,0.0,0.0,0.0,0.0,1.0,0.0,0.0
3,9,,0.0,0.0,0.0,0.0,0.0,0.0,0.0,0.0,0.0,1.0
8,8,,0.0,0.0,0.0,0.0,0.0,0.0,0.0,0.0,1.0,0.0
2,2,,0.0,0.0,1.0,0.0,0.0,0.0,0.0,0.0,0.0,0.0
8,8,,0.0,0.0,0.0,0.0,0.0,0.0,0.0,0.0,1.0,0.0
5,5,,0.0,0.0,0.0,0.0,0.0,1.0,0.0,0.0,0.0,0.0
2,4,,0.0,0.0,0.0,0.0,1.0,0.0,0.0,0.0,0.0,0.0
0,0,,1.0,0.0,0.0,0.0,0.0,0.0,0.0,0.0,0.0,0.0
1,1,,0.0,1.0,0.0,0.0,0.0,0.0,0.0,0.0,0.0,0.0
4,4,,0.0,0.0,0.0,0.0,1.0,0.0,0.0,0.0,0.0,0.0
2,9,,0.0,0.0,0.0,0.0,0.0,0.0,0.0,0.0,0.0,1.0
6,6,,0.0,0.0,0.0,0.0,0.0,0.0,1.0,0.0,0.0,0.0
2,2,,0.0,0.0,1.0,0.0,0.0,0.0,0.0,0.0,0.0,0.0
8,0,,1.0,0.0,0.0,0.0,0.0,0.0,0.0,0.0,0.0,0.0
2,5,,0.0,0.0,0.0,0.0,0.0,1.0,0.0,0.0,0.0,0.0
1,1,,0.0,1.0,0.0,0.0,0.0,0.0,0.0,0.0,0.0,0.0
4,4,,0.0,0.0,0.0,0.0,1.0,0.0,0.0,0.0,0.0,0.0
5,5,,0.0,0.0,0.0,0.0,0.0,1.0,0.0,0.0,0.0,0.0
2,9,,0.0,0.0,0.0,0.0,0.0,0.0,0.0,0.0,0.0,1.0
3,3,,0.0,0.0,0.0,1.0,0.0,0.0,0.0,0.0,0.0,0.0
9,3,,0.0,0.0,0.0,1.0,0.0,0.0,0.0,0.0,0.0,0.0
5,0,,1.0,0.0,0.0,0.0,0.0,0.0,0.0,0.0,0.0,0.0
5,8,,0.0,0.0,0.0,0.0,0.0,0.0,0.0,0.0,1.0,0.0
1,4,,0.0,0.0,0.0,0.0,1.0,0.0,0.0,0.0,0.0,0.0
2,2,,0.0,0.0,1.0,0.0,0.0,0.0,0.0,0.0,0.0,0.0
1,1,,0.0,1.0,0.0,0.0,0.0,0.0,0.0,0.0,0.0,0.0
5,5,,0.0,0.0,0.0,0.0,0.0,1.0,0.0,0.0,0.0,0.0
2,7,,0.0,0.0,0.0,0.0,0.0,0.0,0.0,1.0,0.0,0.0
0,0,,1.0,0.0,0.0,0.0,0.0,0.0,0.0,0.0,0.0,0.0
5,5,,0.0,0.0,0.0,0.0,0.0,1.0,0.0,0.0,0.0,0.0
8,8,,0.0,0.0,0.0,0.0,0.0,0.0,0.0,0.0,1.0,0.0
5,5,,0.0,0.0,0.0,0.0,0.0,1.0,0.0,0.0,0.0,0.0
4,4,,0.0,0.0,0.0,0.0,1.0,0.0,0.0,0.0,0.0,0.0
7,7,,0.0,0.0,0.0,0.0,0.0,0.0,0.0,1.0,0.0,0.0
3,3,,0.0,0.0,0.0,1.0,0.0,0.0,0.0,0.0,0.0,0.0
7,7,,0.0,0.0,0.0,0.0,0.0,0.0,0.0,1.0,0.0,0.0
0,0,,1.0,0.0,0.0,0.0,0.0,0.0,0.0,0.0,0.0,0.0
4,4,,0.0,0.0,0.0,0.0,1.0,0.0,0.0,0.0,0.0,0.0
2,2,,0.0,0.0,1.0,0.0,0.0,0.0,0.0,0.0,0.0,0.0
6,0,,1.0,0.0,0.0,0.0,0.0,0.0,0.0,0.0,0.0,0.0
7,7,,0.0,0.0,0.0,0.0,0.0,0.0,0.0,1.0,0.0,0.0
9,9,,0.0,0.0,0.0,0.0,0.0,0.0,0.0,0.0,0.0,1.0
9,9,,0.0,0.0,0.0,0.0,0.0,0.0,0.0,0.0,0.0,1.0
3,3,,0.0,0.0,0.0,1.0,0.0,0.0,0.0,0.0,0.0,0.0
2,2,,0.0,0.0,1.0,0.0,0.0,0.0,0.0,0.0,0.0,0.0
8,8,,0.0,0.0,0.0,0.0,0.0,0.0,0.0,0.0,1.0,0.0
1,1,,0.0,1.0,0.0,0.0,0.0,0.0,0.0,0.0,0.0,0.0
6,6,,0.0,0.0,0.0,0.0,0.0,0.0,1.0,0.0,0.0,0.0
4,4,,0.0,0.0,0.0,0.0,1.0,0.0,0.0,0.0,0.0,0.0
2,9,,0.0,0.0,0.0,0.0,0.0,0.0,0.0,0.0,0.0,1.0
6,6,,0.0,0.0,0.0,0.0,0.0,0.0,1.0,0.0,0.0,0.0
3,3,,0.0,0.0,0.0,1.0,0.0,0.0,0.0,0.0,0.0,0.0
6,6,,0.0,0.0,0.0,0.0,0.0,0.0,1.0,0.0,0.0,0.0
2,9,,0.0,0.0,0.0,0.0,0.0,0.0,0.0,0.0,0.0,1.0
6,6,,0.0,0.0,0.0,0.0,0.0,0.0,1.0,0.0,0.0,0.0
8,8,,0.0,0.0,0.0,0.0,0.0,0.0,0.0,0.0,1.0,0.0
0,0,,1.0,0.0,0.0,0.0,0.0,0.0,0.0,0.0,0.0,0.0
7,7,,0.0,0.0,0.0,0.0,0.0,0.0,0.0,1.0,0.0,0.0
6,6,,0.0,0.0,0.0,0.0,0.0,0.0,1.0,0.0,0.0,0.0
4,4,,0.0,0.0,0.0,0.0,1.0,0.0,0.0,0.0,0.0,0.0
8,8,,0.0,0.0,0.0,0.0,0.0,0.0,0.0,0.0,1.0,0.0
8,3,,0.0,0.0,0.0,1.0,0.0,0.0,0.0,0.0,0.0,0.0
6,6,,0.0,0.0,0.0,0.0,0.0,0.0,1.0,0.0,0.0,0.0
4,4,,0.0,0.0,0.0,0.0,1.0,0.0,0.0,0.0,0.0,0.0
0,0,,1.0,0.0,0.0,0.0,0.0,0.0,0.0,0.0,0.0,0.0
3,3,,0.0,0.0,0.0,1.0,0.0,0.0,0.0,0.0,0.0,0.0
0,0,,1.0,0.0,0.0,0.0,0.0,0.0,0.0,0.0,0.0,0.0
9,9,,0.0,0.0,0.0,0.0,0.0,0.0,0.0,0.0,0.0,1.0
1,8,,0.0,0.0,0.0,0.0,0.0,0.0,0.0,0.0,1.0,0.0
9,9,,0.0,0.0,0.0,0.0,0.0,0.0,0.0,0.0,0.0,1.0
6,6,,0.0,0.0,0.0,0.0,0.0,0.0,1.0,0.0,0.0,0.0
2,9,,0.0,0.0,0.0,0.0,0.0,0.0,0.0,0.0,0.0,1.0
0,0,,1.0,0.0,0.0,0.0,0.0,0.0,0.0,0.0,0.0,0.0
0,0,,1.0,0.0,0.0,0.0,0.0,0.0,0.0,0.0,0.0,0.0
2,2,,0.0,0.0,1.0,0.0,0.0,0.0,0.0,0.0,0.0,0.0
7,7,,0.0,0.0,0.0,0.0,0.0,0.0,0.0,1.0,0.0,0.0
1,7,,0.0,0.0,0.0,0.0,0.0,0.0,0.0,1.0,0.0,0.0
8,9,,0.0,0.0,0.0,0.0,0.0,0.0,0.0,0.0,0.0,1.0
6,6,,0.0,0.0,0.0,0.0,0.0,0.0,1.0,0.0,0.0,0.0
0,0,,1.0,0.0,0.0,0.0,0.0,0.0,0.0,0.0,0.0,0.0
6,6,,0.0,0.0,0.0,0.0,0.0,0.0,1.0,0.0,0.0,0.0
6,6,,0.0,0.0,0.0,0.0,0.0,0.0,1.0,0.0,0.0,0.0
5,5,,0.0,0.0,0.0,0.0,0.0,1.0,0.0,0.0,0.0,0.0
2,8,,0.0,0.0,0.0,0.0,0.0,0.0,0.0,0.0,1.0,0.0
5,5,,0.0,0.0,0.0,0.0,0.0,1.0,0.0,0.0,0.0,0.0
0,0,,1.0,0.0,0.0,0.0,0.0,0.0,0.0,0.0,0.0,0.0
1,1,,0.0,1.0,0.0,0.0,0.0,0.0,0.0,0.0,0.0,0.0
0,0,,1.0,0.0,0.0,0.0,0.0,0.0,0.0,0.0,0.0,0.0
9,9,,0.0,0.0,0.0,0.0,0.0,0.0,0.0,0.0,0.0,1.0
7,2,,0.0,0.0,1.0,0.0,0.0,0.0,0.0,0.0,0.0,0.0
6,6,,0.0,0.0,0.0,0.0,0.0,0.0,1.0,0.0,0.0,0.0
1,3,,0.0,0.0,0.0,1.0,0.0,0.0,0.0,0.0,0.0,0.0
8,9,,0.0,0.0,0.0,0.0,0.0,0.0,0.0,0.0,0.0,1.0
8,2,,0.0,0.0,1.0,0.0,0.0,0.0,0.0,0.0,0.0,0.0
3,3,,0.0,0.0,0.0,1.0,0.0,0.0,0.0,0.0,0.0,0.0
8,8,,0.0,0.0,0.0,0.0,0.0,0.0,0.0,0.0,1.0,0.0
6,6,,0.0,0.0,0.0,0.0,0.0,0.0,1.0,0.0,0.0,0.0
2,2,,0.0,0.0,1.0,0.0,0.0,0.0,0.0,0.0,0.0,0.0
9,9,,0.0,0.0,0.0,0.0,0.0,0.0,0.0,0.0,0.0,1.0
2,5,,0.0,0.0,0.0,0.0,0.0,1.0,0.0,0.0,0.0,0.0
8,8,,0.0,0.0,0.0,0.0,0.0,0.0,0.0,0.0,1.0,0.0
3,3,,0.0,0.0,0.0,1.0,0.0,0.0,0.0,0.0,0.0,0.0
5,5,,0.0,0.0,0.0,0.0,0.0,1.0,0.0,0.0,0.0,0.0
4,4,,0.0,0.0,0.0,0.0,1.0,0.0,0.0,0.0,0.0,0.0
5,5,,0.0,0.0,0.0,0.0,0.0,1.0,0.0,0.0,0.0,0.0
4,4,,0.0,0.0,0.0,0.0,1.0,0.0,0.0,0.0,0.0,0.0
1,1,,0.0,1.0,0.0,0.0,0.0,0.0,0.0,0.0,0.0,0.0
5,5,,0.0,0.0,0.0,0.0,0.0,1.0,0.0,0.0,0.0,0.0
5,9,,0.0,0.0,0.0,0.0,0.0,0.0,0.0,0.0,0.0,1.0
0,0,,1.0,0.0,0.0,0.0,0.0,0.0,0.0,0.0,0.0,0.0
8,5,,0.0,0.0,0.0,0.0,0.0,1.0,0.0,0.0,0.0,0.0
5,5,,0.0,0.0,0.0,0.0,0.0,1.0,0.0,0.0,0.0,0.0
1,3,,0.0,0.0,0.0,1.0,0.0,0.0,0.0,0.0,0.0,0.0
3,3,,0.0,0.0,0.0,1.0,0.0,0.0,0.0,0.0,0.0,0.0
7,7,,0.0,0.0,0.0,0.0,0.0,0.0,0.0,1.0,0.0,0.0
5,5,,0.0,0.0,0.0,0.0,0.0,1.0,0.0,0.0,0.0,0.0
0,0,,1.0,0.0,0.0,0.0,0.0,0.0,0.0,0.0,0.0,0.0
8,8,,0.0,0.0,0.0,0.0,0.0,0.0,0.0,0.0,1.0,0.0
3,3,,0.0,0.0,0.0,1.0,0.0,0.0,0.0,0.0,0.0,0.0
7,7,,0.0,0.0,0.0,0.0,0.0,0.0,0.0,1.0,0.0,0.0
8,8,,0.0,0.0,0.0,0.0,0.0,0.0,0.0,0.0,1.0,0.0
1,8,,0.0,0.0,0.0,0.0,0.0,0.0,0.0,0.0,1.0,0.0
0,0,,1.0,0.0,0.0,0.0,0.0,0.0,0.0,0.0,0.0,0.0
9,9,,0.0,0.0,0.0,0.0,0.0,0.0,0.0,0.0,0.0,1.0
3,3,,0.0,0.0,0.0,1.0,0.0,0.0,0.0,0.0,0.0,0.0
5,5,,0.0,0.0,0.0,0.0,0.0,1.0,0.0,0.0,0.0,0.0
9,9,,0.0,0.0,0.0,0.0,0.0,0.0,0.0,0.0,0.0,1.0
3,3,,0.0,0.0,0.0,1.0,0.0,0.0,0.0,0.0,0.0,0.0
1,2,,0.0,0.0,1.0,0.0,0.0,0.0,0.0,0.0,0.0,0.0
3,3,,0.0,0.0,0.0,1.0,0.0,0.0,0.0,0.0,0.0,0.0
3,3,,0.0,0.0,0.0,1.0,0.0,0.0,0.0,0.0,0.0,0.0
6,6,,0.0,0.0,0.0,0.0,0.0,0.0,1.0,0.0,0.0,0.0
3,3,,0.0,0.0,0.0,1.0,0.0,0.0,0.0,0.0,0.0,0.0
1,1,,0.0,1.0,0.0,0.0,0.0,0.0,0.0,0.0,0.0,0.0
0,0,,1.0,0.0,0.0,0.0,0.0,0.0,0.0,0.0,0.0,0.0
9,9,,0.0,0.0,0.0,0.0,0.0,0.0,0.0,0.0,0.0,1.0
8,3,,0.0,0.0,0.0,1.0,0.0,0.0,0.0,0.0,0.0,0.0
9,6,,0.0,0.0,0.0,0.0,0.0,0.0,1.0,0.0,0.0,0.0
2,2,,0.0,0.0,1.0,0.0,0.0,0.0,0.0,0.0,0.0,0.0
9,9,,0.0,0.0,0.0,0.0,0.0,0.0,0.0,0.0,0.0,1.0
6,6,,0.0,0.0,0.0,0.0,0.0,0.0,1.0,0.0,0.0,0.0
6,6,,0.0,0.0,0.0,0.0,0.0,0.0,1.0,0.0,0.0,0.0
5,5,,0.0,0.0,0.0,0.0,0.0,1.0,0.0,0.0,0.0,0.0
5,5,,0.0,0.0,0.0,0.0,0.0,1.0,0.0,0.0,0.0,0.0
6,6,,0.0,0.0,0.0,0.0,0.0,0.0,1.0,0.0,0.0,0.0
6,6,,0.0,0.0,0.0,0.0,0.0,0.0,1.0,0.0,0.0,0.0
6,6,,0.0,0.0,0.0,0.0,0.0,0.0,1.0,0.0,0.0,0.0
8,8,,0.0,0.0,0.0,0.0,0.0,0.0,0.0,0.0,1.0,0.0
4,4,,0.0,0.0,0.0,0.0,1.0,0.0,0.0,0.0,0.0,0.0
8,4,,0.0,0.0,0.0,0.0,1.0,0.0,0.0,0.0,0.0,0.0
4,4,,0.0,0.0,0.0,0.0,1.0,0.0,0.0,0.0,0.0,0.0
6,6,,0.0,0.0,0.0,0.0,0.0,0.0,1.0,0.0,0.0,0.0
1,1,,0.0,1.0,0.0,0.0,0.0,0.0,0.0,0.0,0.0,0.0
0,0,,1.0,0.0,0.0,0.0,0.0,0.0,0.0,0.0,0.0,0.0
2,2,,0.0,0.0,1.0,0.0,0.0,0.0,0.0,0.0,0.0,0.0
7,7,,0.0,0.0,0.0,0.0,0.0,0.0,0.0,1.0,0.0,0.0
5,0,,1.0,0.0,0.0,0.0,0.0,0.0,0.0,0.0,0.0,0.0
0,0,,1.0,0.0,0.0,0.0,0.0,0.0,0.0,0.0,0.0,0.0
6,6,,0.0,0.0,0.0,0.0,0.0,0.0,1.0,0.0,0.0,0.0
6,6,,0.0,0.0,0.0,0.0,0.0,0.0,1.0,0.0,0.0,0.0
6,6,,0.0,0.0,0.0,0.0,0.0,0.0,1.0,0.0,0.0,0.0
8,8,,0.0,0.0,0.0,0.0,0.0,0.0,0.0,0.0,1.0,0.0
7,7,,0.0,0.0,0.0,0.0,0.0,0.0,0.0,1.0,0.0,0.0
3,3,,0.0,0.0,0.0,1.0,0.0,0.0,0.0,0.0,0.0,0.0
1,7,,0.0,0.0,0.0,0.0,0.0,0.0,0.0,1.0,0.0,0.0
1,1,,0.0,1.0,0.0,0.0,0.0,0.0,0.0,0.0,0.0,0.0
0,0,,1.0,0.0,0.0,0.0,0.0,0.0,0.0,0.0,0.0,0.0
9,9,,0.0,0.0,0.0,0.0,0.0,0.0,0.0,0.0,0.0,1.0
4,4,,0.0,0.0,0.0,0.0,1.0,0.0,0.0,0.0,0.0,0.0
1,1,,0.0,1.0,0.0,0.0,0.0,0.0,0.0,0.0,0.0,0.0
4,4,,0.0,0.0,0.0,0.0,1.0,0.0,0.0,0.0,0.0,0.0
9,3,,0.0,0.0,0.0,1.0,0.0,0.0,0.0,0.0,0.0,0.0
6,6,,0.0,0.0,0.0,0.0,0.0,0.0,1.0,0.0,0.0,0.0
5,5,,0.0,0.0,0.0,0.0,0.0,1.0,0.0,0.0,0.0,0.0
9,3,,0.0,0.0,0.0,1.0,0.0,0.0,0.0,0.0,0.0,0.0
4,4,,0.0,0.0,0.0,0.0,1.0,0.0,0.0,0.0,0.0,0.0
1,1,,0.0,1.0,0.0,0.0,0.0,0.0,0.0,0.0,0.0,0.0
2,2,,0.0,0.0,1.0,0.0,0.0,0.0,0.0,0.0,0.0,0.0
3,3,,0.0,0.0,0.0,1.0,0.0,0.0,0.0,0.0,0.0,0.0
4,4,,0.0,0.0,0.0,0.0,1.0,0.0,0.0,0.0,0.0,0.0
5,5,,0.0,0.0,0.0,0.0,0.0,1.0,0.0,0.0,0.0,0.0
6,6,,0.0,0.0,0.0,0.0,0.0,0.0,1.0,0.0,0.0,0.0
5,5,,0.0,0.0,0.0,0.0,0.0,1.0,0.0,0.0,0.0,0.0
6,6,,0.0,0.0,0.0,0.0,0.0,0.0,1.0,0.0,0.0,0.0
8,8,,0.0,0.0,0.0,0.0,0.0,0.0,0.0,0.0,1.0,0.0
5,5,,0.0,0.0,0.0,0.0,0.0,1.0,0.0,0.0,0.0,0.0
8,7,,0.0,0.0,0.0,0.0,0.0,0.0,0.0,1.0,0.0,0.0
8,7,,0.0,0.0,0.0,0.0,0.0,0.0,0.0,1.0,0.0,0.0
5,5,,0.0,0.0,0.0,0.0,0.0,1.0,0.0,0.0,0.0,0.0
4,4,,0.0,0.0,0.0,0.0,1.0,0.0,0.0,0.0,0.0,0.0
7,7,,0.0,0.0,0.0,0.0,0.0,0.0,0.0,1.0,0.0,0.0
5,0,,1.0,0.0,0.0,0.0,0.0,0.0,0.0,0.0,0.0,0.0
0,0,,1.0,0.0,0.0,0.0,0.0,0.0,0.0,0.0,0.0,0.0
8,8,,0.0,0.0,0.0,0.0,0.0,0.0,0.0,0.0,1.0,0.0
5,9,,0.0,0.0,0.0,0.0,0.0,0.0,0.0,0.0,0.0,1.0
1,1,,0.0,1.0,0.0,0.0,0.0,0.0,0.0,0.0,0.0,0.0
7,7,,0.0,0.0,0.0,0.0,0.0,0.0,0.0,1.0,0.0,0.0
7,7,,0.0,0.0,0.0,0.0,0.0,0.0,0.0,1.0,0.0,0.0
6,6,,0.0,0.0,0.0,0.0,0.0,0.0,1.0,0.0,0.0,0.0
6,6,,0.0,0.0,0.0,0.0,0.0,0.0,1.0,0.0,0.0,0.0
7,8,,0.0,0.0,0.0,0.0,0.0,0.0,0.0,0.0,1.0,0.0
5,3,,0.0,0.0,0.0,1.0,0.0,0.0,0.0,0.0,0.0,0.0
5,5,,0.0,0.0,0.0,0.0,0.0,1.0,0.0,0.0,0.0,0.0
0,0,,1.0,0.0,0.0,0.0,0.0,0.0,0.0,0.0,0.0,0.0
2,4,,0.0,0.0,0.0,0.0,1.0,0.0,0.0,0.0,0.0,0.0
3,3,,0.0,0.0,0.0,1.0,0.0,0.0,0.0,0.0,0.0,0.0
7,7,,0.0,0.0,0.0,0.0,0.0,0.0,0.0,1.0,0.0,0.0
8,8,,0.0,0.0,0.0,0.0,0.0,0.0,0.0,0.0,1.0,0.0
5,3,,0.0,0.0,0.0,1.0,0.0,0.0,0.0,0.0,0.0,0.0
0,0,,1.0,0.0,0.0,0.0,0.0,0.0,0.0,0.0,0.0,0.0
3,5,,0.0,0.0,0.0,0.0,0.0,1.0,0.0,0.0,0.0,0.0
6,6,,0.0,0.0,0.0,0.0,0.0,0.0,1.0,0.0,0.0,0.0
8,8,,0.0,0.0,0.0,0.0,0.0,0.0,0.0,0.0,1.0,0.0
5,5,,0.0,0.0,0.0,0.0,0.0,1.0,0.0,0.0,0.0,0.0
0,0,,1.0,0.0,0.0,0.0,0.0,0.0,0.0,0.0,0.0,0.0
4,4,,0.0,0.0,0.0,0.0,1.0,0.0,0.0,0.0,0.0,0.0
1,1,,0.0,1.0,0.0,0.0,0.0,0.0,0.0,0.0,0.0,0.0
3,3,,0.0,0.0,0.0,1.0,0.0,0.0,0.0,0.0,0.0,0.0
6,6,,0.0,0.0,0.0,0.0,0.0,0.0,1.0,0.0,0.0,0.0
2,2,,0.0,0.0,1.0,0.0,0.0,0.0,0.0,0.0,0.0,0.0
6,6,,0.0,0.0,0.0,0.0,0.0,0.0,1.0,0.0,0.0,0.0
6,6,,0.0,0.0,0.0,0.0,0.0,0.0,1.0,0.0,0.0,0.0
9,9,,0.0,0.0,0.0,0.0,0.0,0.0,0.0,0.0,0.0,1.0
7,7,,0.0,0.0,0.0,0.0,0.0,0.0,0.0,1.0,0.0,0.0
0,0,,1.0,0.0,0.0,0.0,0.0,0.0,0.0,0.0,0.0,0.0
5,5,,0.0,0.0,0.0,0.0,0.0,1.0,0.0,0.0,0.0,0.0
3,3,,0.0,0.0,0.0,1.0,0.0,0.0,0.0,0.0,0.0,0.0
8,8,,0.0,0.0,0.0,0.0,0.0,0.0,0.0,0.0,1.0,0.0
8,9,,0.0,0.0,0.0,0.0,0.0,0.0,0.0,0.0,0.0,1.0
7,7,,0.0,0.0,0.0,0.0,0.0,0.0,0.0,1.0,0.0,0.0
0,0,,1.0,0.0,0.0,0.0,0.0,0.0,0.0,0.0,0.0,0.0
4,4,,0.0,0.0,0.0,0.0,1.0,0.0,0.0,0.0,0.0,0.0
7,6,,0.0,0.0,0.0,0.0,0.0,0.0,1.0,0.0,0.0,0.0
6,6,,0.0,0.0,0.0,0.0,0.0,0.0,1.0,0.0,0.0,0.0
0,0,,1.0,0.0,0.0,0.0,0.0,0.0,0.0,0.0,0.0,0.0
8,8,,0.0,0.0,0.0,0.0,0.0,0.0,0.0,0.0,1.0,0.0
9,9,,0.0,0.0,0.0,0.0,0.0,0.0,0.0,0.0,0.0,1.0
2,5,,0.0,0.0,0.0,0.0,0.0,1.0,0.0,0.0,0.0,0.0
5,5,,0.0,0.0,0.0,0.0,0.0,1.0,0.0,0.0,0.0,0.0
6,6,,0.0,0.0,0.0,0.0,0.0,0.0,1.0,0.0,0.0,0.0
0,6,,0.0,0.0,0.0,0.0,0.0,0.0,1.0,0.0,0.0,0.0
8,9,,0.0,0.0,0.0,0.0,0.0,0.0,0.0,0.0,0.0,1.0
2,2,,0.0,0.0,1.0,0.0,0.0,0.0,0.0,0.0,0.0,0.0
9,9,,0.0,0.0,0.0,0.0,0.0,0.0,0.0,0.0,0.0,1.0
3,3,,0.0,0.0,0.0,1.0,0.0,0.0,0.0,0.0,0.0,0.0
4,4,,0.0,0.0,0.0,0.0,1.0,0.0,0.0,0.0,0.0,0.0
9,9,,0.0,0.0,0.0,0.0,0.0,0.0,0.0,0.0,0.0,1.0
0,0,,1.0,0.0,0.0,0.0,0.0,0.0,0.0,0.0,0.0,0.0
3,3,,0.0,0.0,0.0,1.0,0.0,0.0,0.0,0.0,0.0,0.0
2,2,,0.0,0.0,1.0,0.0,0.0,0.0,0.0,0.0,0.0,0.0
5,5,,0.0,0.0,0.0,0.0,0.0,1.0,0.0,0.0,0.0,0.0
3,3,,0.0,0.0,0.0,1.0,0.0,0.0,0.0,0.0,0.0,0.0
8,5,,0.0,0.0,0.0,0.0,0.0,1.0,0.0,0.0,0.0,0.0
7,7,,0.0,0.0,0.0,0.0,0.0,0.0,0.0,1.0,0.0,0.0
1,1,,0.0,1.0,0.0,0.0,0.0,0.0,0.0,0.0,0.0,0.0
5,5,,0.0,0.0,0.0,0.0,0.0,1.0,0.0,0.0,0.0,0.0
5,5,,0.0,0.0,0.0,0.0,0.0,1.0,0.0,0.0,0.0,0.0
7,7,,0.0,0.0,0.0,0.0,0.0,0.0,0.0,1.0,0.0,0.0
0,0,,1.0,0.0,0.0,0.0,0.0,0.0,0.0,0.0,0.0,0.0
1,1,,0.0,1.0,0.0,0.0,0.0,0.0,0.0,0.0,0.0,0.0
9,9,,0.0,0.0,0.0,0.0,0.0,0.0,0.0,0.0,0.0,1.0
4,4,,0.0,0.0,0.0,0.0,1.0,0.0,0.0,0.0,0.0,0.0
9,9,,0.0,0.0,0.0,0.0,0.0,0.0,0.0,0.0,0.0,1.0
4,4,,0.0,0.0,0.0,0.0,1.0,0.0,0.0,0.0,0.0,0.0
2,2,,0.0,0.0,1.0,0.0,0.0,0.0,0.0,0.0,0.0,0.0
5,0,,1.0,0.0,0.0,0.0,0.0,0.0,0.0,0.0,0.0,0.0
2,2,,0.0,0.0,1.0,0.0,0.0,0.0,0.0,0.0,0.0,0.0
3,3,,0.0,0.0,0.0,1.0,0.0,0.0,0.0,0.0,0.0,0.0
0,0,,1.0,0.0,0.0,0.0,0.0,0.0,0.0,0.0,0.0,0.0
3,3,,0.0,0.0,0.0,1.0,0.0,0.0,0.0,0.0,0.0,0.0
8,8,,0.0,0.0,0.0,0.0,0.0,0.0,0.0,0.0,1.0,0.0
8,8,,0.0,0.0,0.0,0.0,0.0,0.0,0.0,0.0,1.0,0.0
6,6,,0.0,0.0,0.0,0.0,0.0,0.0,1.0,0.0,0.0,0.0
7,7,,0.0,0.0,0.0,0.0,0.0,0.0,0.0,1.0,0.0,0.0
8,8,,0.0,0.0,0.0,0.0,0.0,0.0,0.0,0.0,1.0,0.0
4,4,,0.0,0.0,0.0,0.0,1.0,0.0,0.0,0.0,0.0,0.0
6,6,,0.0,0.0,0.0,0.0,0.0,0.0,1.0,0.0,0.0,0.0
6,6,,0.0,0.0,0.0,0.0,0.0,0.0,1.0,0.0,0.0,0.0
6,6,,0.0,0.0,0.0,0.0,0.0,0.0,1.0,0.0,0.0,0.0
9,9,,0.0,0.0,0.0,0.0,0.0,0.0,0.0,0.0,0.0,1.0
0,3,,0.0,0.0,0.0,1.0,0.0,0.0,0.0,0.0,0.0,0.0
5,5,,0.0,0.0,0.0,0.0,0.0,1.0,0.0,0.0,0.0,0.0
3,3,,0.0,0.0,0.0,1.0,0.0,0.0,0.0,0.0,0.0,0.0
4,4,,0.0,0.0,0.0,0.0,1.0,0.0,0.0,0.0,0.0,0.0
4,4,,0.0,0.0,0.0,0.0,1.0,0.0,0.0,0.0,0.0,0.0
0,0,,1.0,0.0,0.0,0.0,0.0,0.0,0.0,0.0,0.0,0.0
3,3,,0.0,0.0,0.0,1.0,0.0,0.0,0.0,0.0,0.0,0.0
6,6,,0.0,0.0,0.0,0.0,0.0,0.0,1.0,0.0,0.0,0.0
8,8,,0.0,0.0,0.0,0.0,0.0,0.0,0.0,0.0,1.0,0.0
7,7,,0.0,0.0,0.0,0.0,0.0,0.0,0.0,1.0,0.0,0.0
8,8,,0.0,0.0,0.0,0.0,0.0,0.0,0.0,0.0,1.0,0.0
9,9,,0.0,0.0,0.0,0.0,0.0,0.0,0.0,0.0,0.0,1.0
9,9,,0.0,0.0,0.0,0.0,0.0,0.0,0.0,0.0,0.0,1.0
4,4,,0.0,0.0,0.0,0.0,1.0,0.0,0.0,0.0,0.0,0.0
6,6,,0.0,0.0,0.0,0.0,0.0,0.0,1.0,0.0,0.0,0.0
4,4,,0.0,0.0,0.0,0.0,1.0,0.0,0.0,0.0,0.0,0.0
4,4,,0.0,0.0,0.0,0.0,1.0,0.0,0.0,0.0,0.0,0.0
9,9,,0.0,0.0,0.0,0.0,0.0,0.0,0.0,0.0,0.0,1.0
6,6,,0.0,0.0,0.0,0.0,0.0,0.0,1.0,0.0,0.0,0.0
6,6,,0.0,0.0,0.0,0.0,0.0,0.0,1.0,0.0,0.0,0.0
3,3,,0.0,0.0,0.0,1.0,0.0,0.0,0.0,0.0,0.0,0.0
1,1,,0.0,1.0,0.0,0.0,0.0,0.0,0.0,0.0,0.0,0.0
8,3,,0.0,0.0,0.0,1.0,0.0,0.0,0.0,0.0,0.0,0.0
4,4,,0.0,0.0,0.0,0.0,1.0,0.0,0.0,0.0,0.0,0.0
8,2,,0.0,0.0,1.0,0.0,0.0,0.0,0.0,0.0,0.0,0.0
8,8,,0.0,0.0,0.0,0.0,0.0,0.0,0.0,0.0,1.0,0.0
8,7,,0.0,0.0,0.0,0.0,0.0,0.0,0.0,1.0,0.0,0.0
2,6,,0.0,0.0,0.0,0.0,0.0,0.0,1.0,0.0,0.0,0.0
5,5,,0.0,0.0,0.0,0.0,0.0,1.0,0.0,0.0,0.0,0.0
8,8,,0.0,0.0,0.0,0.0,0.0,0.0,0.0,0.0,1.0,0.0
7,7,,0.0,0.0,0.0,0.0,0.0,0.0,0.0,1.0,0.0,0.0
6,6,,0.0,0.0,0.0,0.0,0.0,0.0,1.0,0.0,0.0,0.0
6,6,,0.0,0.0,0.0,0.0,0.0,0.0,1.0,0.0,0.0,0.0
7,7,,0.0,0.0,0.0,0.0,0.0,0.0,0.0,1.0,0.0,0.0
6,6,,0.0,0.0,0.0,0.0,0.0,0.0,1.0,0.0,0.0,0.0
1,8,,0.0,0.0,0.0,0.0,0.0,0.0,0.0,0.0,1.0,0.0
2,2,,0.0,0.0,1.0,0.0,0.0,0.0,0.0,0.0,0.0,0.0
0,0,,1.0,0.0,0.0,0.0,0.0,0.0,0.0,0.0,0.0,0.0
7,7,,0.0,0.0,0.0,0.0,0.0,0.0,0.0,1.0,0.0,0.0
8,8,,0.0,0.0,0.0,0.0,0.0,0.0,0.0,0.0,1.0,0.0
3,3,,0.0,0.0,0.0,1.0,0.0,0.0,0.0,0.0,0.0,0.0
0,0,,1.0,0.0,0.0,0.0,0.0,0.0,0.0,0.0,0.0,0.0
0,0,,1.0,0.0,0.0,0.0,0.0,0.0,0.0,0.0,0.0,0.0
1,1,,0.0,1.0,0.0,0.0,0.0,0.0,0.0,0.0,0.0,0.0
0,0,,1.0,0.0,0.0,0.0,0.0,0.0,0.0,0.0,0.0,0.0
2,2,,0.0,0.0,1.0,0.0,0.0,0.0,0.0,0.0,0.0,0.0
2,2,,0.0,0.0,1.0,0.0,0.0,0.0,0.0,0.0,0.0,0.0
3,3,,0.0,0.0,0.0,1.0,0.0,0.0,0.0,0.0,0.0,0.0
4,4,,0.0,0.0,0.0,0.0,1.0,0.0,0.0,0.0,0.0,0.0
8,8,,0.0,0.0,0.0,0.0,0.0,0.0,0.0,0.0,1.0,0.0
6,6,,0.0,0.0,0.0,0.0,0.0,0.0,1.0,0.0,0.0,0.0
3,3,,0.0,0.0,0.0,1.0,0.0,0.0,0.0,0.0,0.0,0.0
1,7,,0.0,0.0,0.0,0.0,0.0,0.0,0.0,1.0,0.0,0.0
2,7,,0.0,0.0,0.0,0.0,0.0,0.0,0.0,1.0,0.0,0.0
2,2,,0.0,0.0,1.0,0.0,0.0,0.0,0.0,0.0,0.0,0.0
7,7,,0.0,0.0,0.0,0.0,0.0,0.0,0.0,1.0,0.0,0.0
1,1,,0.0,1.0,0.0,0.0,0.0,0.0,0.0,0.0,0.0,0.0
0,0,,1.0,0.0,0.0,0.0,0.0,0.0,0.0,0.0,0.0,0.0
4,4,,0.0,0.0,0.0,0.0,1.0,0.0,0.0,0.0,0.0,0.0
3,3,,0.0,0.0,0.0,1.0,0.0,0.0,0.0,0.0,0.0,0.0
0,0,,1.0,0.0,0.0,0.0,0.0,0.0,0.0,0.0,0.0,0.0
3,3,,0.0,0.0,0.0,1.0,0.0,0.0,0.0,0.0,0.0,0.0
0,0,,1.0,0.0,0.0,0.0,0.0,0.0,0.0,0.0,0.0,0.0
0,0,,1.0,0.0,0.0,0.0,0.0,0.0,0.0,0.0,0.0,0.0
4,4,,0.0,0.0,0.0,0.0,1.0,0.0,0.0,0.0,0.0,0.0
6,6,,0.0,0.0,0.0,0.0,0.0,0.0,1.0,0.0,0.0,0.0
1,1,,0.0,1.0,0.0,0.0,0.0,0.0,0.0,0.0,0.0,0.0
1,1,,0.0,1.0,0.0,0.0,0.0,0.0,0.0,0.0,0.0,0.0
9,9,,0.0,0.0,0.0,0.0,0.0,0.0,0.0,0.0,0.0,1.0
6,6,,0.0,0.0,0.0,0.0,0.0,0.0,1.0,0.0,0.0,0.0
4,4,,0.0,0.0,0.0,0.0,1.0,0.0,0.0,0.0,0.0,0.0
7,7,,0.0,0.0,0.0,0.0,0.0,0.0,0.0,1.0,0.0,0.0
0,0,,1.0,0.0,0.0,0.0,0.0,0.0,0.0,0.0,0.0,0.0
0,0,,1.0,0.0,0.0,0.0,0.0,0.0,0.0,0.0,0.0,0.0
2,4,,0.0,0.0,0.0,0.0,1.0,0.0,0.0,0.0,0.0,0.0
1,1,,0.0,1.0,0.0,0.0,0.0,0.0,0.0,0.0,0.0,0.0
8,8,,0.0,0.0,0.0,0.0,0.0,0.0,0.0,0.0,1.0,0.0
5,9,,0.0,0.0,0.0,0.0,0.0,0.0,0.0,0.0,0.0,1.0
9,9,,0.0,0.0,0.0,0.0,0.0,0.0,0.0,0.0,0.0,1.0
5,5,,0.0,0.0,0.0,0.0,0.0,1.0,0.0,0.0,0.0,0.0
7,7,,0.0,0.0,0.0,0.0,0.0,0.0,0.0,1.0,0.0,0.0
2,9,,0.0,0.0,0.0,0.0,0.0,0.0,0.0,0.0,0.0,1.0
1,1,,0.0,1.0,0.0,0.0,0.0,0.0,0.0,0.0,0.0,0.0
9,9,,0.0,0.0,0.0,0.0,0.0,0.0,0.0,0.0,0.0,1.0
9,9,,0.0,0.0,0.0,0.0,0.0,0.0,0.0,0.0,0.0,1.0
5,5,,0.0,0.0,0.0,0.0,0.0,1.0,0.0,0.0,0.0,0.0
0,0,,1.0,0.0,0.0,0.0,0.0,0.0,0.0,0.0,0.0,0.0
9,9,,0.0,0.0,0.0,0.0,0.0,0.0,0.0,0.0,0.0,1.0
2,4,,0.0,0.0,0.0,0.0,1.0,0.0,0.0,0.0,0.0,0.0
6,6,,0.0,0.0,0.0,0.0,0.0,0.0,1.0,0.0,0.0,0.0
2,0,,1.0,0.0,0.0,0.0,0.0,0.0,0.0,0.0,0.0,0.0
9,3,,0.0,0.0,0.0,1.0,0.0,0.0,0.0,0.0,0.0,0.0
4,4,,0.0,0.0,0.0,0.0,1.0,0.0,0.0,0.0,0.0,0.0
6,6,,0.0,0.0,0.0,0.0,0.0,0.0,1.0,0.0,0.0,0.0
1,1,,0.0,1.0,0.0,0.0,0.0,0.0,0.0,0.0,0.0,0.0
5,5,,0.0,0.0,0.0,0.0,0.0,1.0,0.0,0.0,0.0,0.0
9,9,,0.0,0.0,0.0,0.0,0.0,0.0,0.0,0.0,0.0,1.0
1,1,,0.0,1.0,0.0,0.0,0.0,0.0,0.0,0.0,0.0,0.0
6,6,,0.0,0.0,0.0,0.0,0.0,0.0,1.0,0.0,0.0,0.0
6,6,,0.0,0.0,0.0,0.0,0.0,0.0,1.0,0.0,0.0,0.0
7,7,,0.0,0.0,0.0,0.0,0.0,0.0,0.0,1.0,0.0,0.0
9,3,,0.0,0.0,0.0,1.0,0.0,0.0,0.0,0.0,0.0,0.0
7,7,,0.0,0.0,0.0,0.0,0.0,0.0,0.0,1.0,0.0,0.0
6,6,,0.0,0.0,0.0,0.0,0.0,0.0,1.0,0.0,0.0,0.0
1,1,,0.0,1.0,0.0,0.0,0.0,0.0,0.0,0.0,0.0,0.0
9,9,,0.0,0.0,0.0,0.0,0.0,0.0,0.0,0.0,0.0,1.0
4,4,,0.0,0.0,0.0,0.0,1.0,0.0,0.0,0.0,0.0,0.0
3,3,,0.0,0.0,0.0,1.0,0.0,0.0,0.0,0.0,0.0,0.0
3,3,,0.0,0.0,0.0,1.0,0.0,0.0,0.0,0.0,0.0,0.0
9,9,,0.0,0.0,0.0,0.0,0.0,0.0,0.0,0.0,0.0,1.0
8,8,,0.0,0.0,0.0,0.0,0.0,0.0,0.0,0.0,1.0,0.0
2,4,,0.0,0.0,0.0,0.0,1.0,0.0,0.0,0.0,0.0,0.0
3,3,,0.0,0.0,0.0,1.0,0.0,0.0,0.0,0.0,0.0,0.0
8,8,,0.0,0.0,0.0,0.0,0.0,0.0,0.0,0.0,1.0,0.0
9,2,,0.0,0.0,1.0,0.0,0.0,0.0,0.0,0.0,0.0,0.0
0,0,,1.0,0.0,0.0,0.0,0.0,0.0,0.0,0.0,0.0,0.0
9,9,,0.0,0.0,0.0,0.0,0.0,0.0,0.0,0.0,0.0,1.0
6,6,,0.0,0.0,0.0,0.0,0.0,0.0,1.0,0.0,0.0,0.0
7,7,,0.0,0.0,0.0,0.0,0.0,0.0,0.0,1.0,0.0,0.0
8,8,,0.0,0.0,0.0,0.0,0.0,0.0,0.0,0.0,1.0,0.0
2,2,,0.0,0.0,1.0,0.0,0.0,0.0,0.0,0.0,0.0,0.0
9,9,,0.0,0.0,0.0,0.0,0.0,0.0,0.0,0.0,0.0,1.0
0,0,,1.0,0.0,0.0,0.0,0.0,0.0,0.0,0.0,0.0,0.0
6,6,,0.0,0.0,0.0,0.0,0.0,0.0,1.0,0.0,0.0,0.0
3,3,,0.0,0.0,0.0,1.0,0.0,0.0,0.0,0.0,0.0,0.0
3,3,,0.0,0.0,0.0,1.0,0.0,0.0,0.0,0.0,0.0,0.0
5,5,,0.0,0.0,0.0,0.0,0.0,1.0,0.0,0.0,0.0,0.0
7,7,,0.0,0.0,0.0,0.0,0.0,0.0,0.0,1.0,0.0,0.0
9,9,,0.0,0.0,0.0,0.0,0.0,0.0,0.0,0.0,0.0,1.0
2,2,,0.0,0.0,1.0,0.0,0.0,0.0,0.0,0.0,0.0,0.0
1,1,,0.0,1.0,0.0,0.0,0.0,0.0,0.0,0.0,0.0,0.0
6,6,,0.0,0.0,0.0,0.0,0.0,0.0,1.0,0.0,0.0,0.0
2,4,,0.0,0.0,0.0,0.0,1.0,0.0,0.0,0.0,0.0,0.0
3,3,,0.0,0.0,0.0,1.0,0.0,0.0,0.0,0.0,0.0,0.0
9,9,,0.0,0.0,0.0,0.0,0.0,0.0,0.0,0.0,0.0,1.0
9,9,,0.0,0.0,0.0,0.0,0.0,0.0,0.0,0.0,0.0,1.0
3,3,,0.0,0.0,0.0,1.0,0.0,0.0,0.0,0.0,0.0,0.0
9,9,,0.0,0.0,0.0,0.0,0.0,0.0,0.0,0.0,0.0,1.0
1,1,,0.0,1.0,0.0,0.0,0.0,0.0,0.0,0.0,0.0,0.0
9,9,,0.0,0.0,0.0,0.0,0.0,0.0,0.0,0.0,0.0,1.0
0,0,,1.0,0.0,0.0,0.0,0.0,0.0,0.0,0.0,0.0,0.0
7,7,,0.0,0.0,0.0,0.0,0.0,0.0,0.0,1.0,0.0,0.0
9,9,,0.0,0.0,0.0,0.0,0.0,0.0,0.0,0.0,0.0,1.0
8,8,,0.0,0.0,0.0,0.0,0.0,0.0,0.0,0.0,1.0,0.0
3,3,,0.0,0.0,0.0,1.0,0.0,0.0,0.0,0.0,0.0,0.0
0,0,,1.0,0.0,0.0,0.0,0.0,0.0,0.0,0.0,0.0,0.0
9,0,,1.0,0.0,0.0,0.0,0.0,0.0,0.0,0.0,0.0,0.0
1,1,,0.0,1.0,0.0,0.0,0.0,0.0,0.0,0.0,0.0,0.0
4,4,,0.0,0.0,0.0,0.0,1.0,0.0,0.0,0.0,0.0,0.0
9,9,,0.0,0.0,0.0,0.0,0.0,0.0,0.0,0.0,0.0,1.0
5,5,,0.0,0.0,0.0,0.0,0.0,1.0,0.0,0.0,0.0,0.0
2,4,,0.0,0.0,0.0,0.0,1.0,0.0,0.0,0.0,0.0,0.0
8,8,,0.0,0.0,0.0,0.0,0.0,0.0,0.0,0.0,1.0,0.0
6,6,,0.0,0.0,0.0,0.0,0.0,0.0,1.0,0.0,0.0,0.0
1,1,,0.0,1.0,0.0,0.0,0.0,0.0,0.0,0.0,0.0,0.0
9,9,,0.0,0.0,0.0,0.0,0.0,0.0,0.0,0.0,0.0,1.0
3,3,,0.0,0.0,0.0,1.0,0.0,0.0,0.0,0.0,0.0,0.0
9,8,,0.0,0.0,0.0,0.0,0.0,0.0,0.0,0.0,1.0,0.0
2,2,,0.0,0.0,1.0,0.0,0.0,0.0,0.0,0.0,0.0,0.0
5,0,,1.0,0.0,0.0,0.0,0.0,0.0,0.0,0.0,0.0,0.0
6,6,,0.0,0.0,0.0,0.0,0.0,0.0,1.0,0.0,0.0,0.0
6,6,,0.0,0.0,0.0,0.0,0.0,0.0,1.0,0.0,0.0,0.0
8,8,,0.0,0.0,0.0,0.0,0.0,0.0,0.0,0.0,1.0,0.0
6,6,,0.0,0.0,0.0,0.0,0.0,0.0,1.0,0.0,0.0,0.0
2,2,,0.0,0.0,1.0,0.0,0.0,0.0,0.0,0.0,0.0,0.0
3,3,,0.0,0.0,0.0,1.0,0.0,0.0,0.0,0.0,0.0,0.0
8,9,,0.0,0.0,0.0,0.0,0.0,0.0,0.0,0.0,0.0,1.0
3,3,,0.0,0.0,0.0,1.0,0.0,0.0,0.0,0.0,0.0,0.0
7,2,,0.0,0.0,1.0,0.0,0.0,0.0,0.0,0.0,0.0,0.0
7,0,,1.0,0.0,0.0,0.0,0.0,0.0,0.0,0.0,0.0,0.0
5,5,,0.0,0.0,0.0,0.0,0.0,1.0,0.0,0.0,0.0,0.0
8,5,,0.0,0.0,0.0,0.0,0.0,1.0,0.0,0.0,0.0,0.0
6,6,,0.0,0.0,0.0,0.0,0.0,0.0,1.0,0.0,0.0,0.0
6,6,,0.0,0.0,0.0,0.0,0.0,0.0,1.0,0.0,0.0,0.0
3,3,,0.0,0.0,0.0,1.0,0.0,0.0,0.0,0.0,0.0,0.0
5,9,,0.0,0.0,0.0,0.0,0.0,0.0,0.0,0.0,0.0,1.0
5,5,,0.0,0.0,0.0,0.0,0.0,1.0,0.0,0.0,0.0,0.0
8,8,,0.0,0.0,0.0,0.0,0.0,0.0,0.0,0.0,1.0,0.0
6,6,,0.0,0.0,0.0,0.0,0.0,0.0,1.0,0.0,0.0,0.0
8,5,,0.0,0.0,0.0,0.0,0.0,1.0,0.0,0.0,0.0,0.0
2,7,,0.0,0.0,0.0,0.0,0.0,0.0,0.0,1.0,0.0,0.0
0,0,,1.0,0.0,0.0,0.0,0.0,0.0,0.0,0.0,0.0,0.0
4,4,,0.0,0.0,0.0,0.0,1.0,0.0,0.0,0.0,0.0,0.0
7,7,,0.0,0.0,0.0,0.0,0.0,0.0,0.0,1.0,0.0,0.0
7,7,,0.0,0.0,0.0,0.0,0.0,0.0,0.0,1.0,0.0,0.0
2,9,,0.0,0.0,0.0,0.0,0.0,0.0,0.0,0.0,0.0,1.0
7,9,,0.0,0.0,0.0,0.0,0.0,0.0,0.0,0.0,0.0,1.0
7,4,,0.0,0.0,0.0,0.0,1.0,0.0,0.0,0.0,0.0,0.0
8,8,,0.0,0.0,0.0,0.0,0.0,0.0,0.0,0.0,1.0,0.0
4,4,,0.0,0.0,0.0,0.0,1.0,0.0,0.0,0.0,0.0,0.0
4,4,,0.0,0.0,0.0,0.0,1.0,0.0,0.0,0.0,0.0,0.0
8,8,,0.0,0.0,0.0,0.0,0.0,0.0,0.0,0.0,1.0,0.0
3,3,,0.0,0.0,0.0,1.0,0.0,0.0,0.0,0.0,0.0,0.0
5,5,,0.0,0.0,0.0,0.0,0.0,1.0,0.0,0.0,0.0,0.0
7,7,,0.0,0.0,0.0,0.0,0.0,0.0,0.0,1.0,0.0,0.0
4,4,,0.0,0.0,0.0,0.0,1.0,0.0,0.0,0.0,0.0,0.0
5,5,,0.0,0.0,0.0,0.0,0.0,1.0,0.0,0.0,0.0,0.0
9,9,,0.0,0.0,0.0,0.0,0.0,0.0,0.0,0.0,0.0,1.0
8,8,,0.0,0.0,0.0,0.0,0.0,0.0,0.0,0.0,1.0,0.0
7,7,,0.0,0.0,0.0,0.0,0.0,0.0,0.0,1.0,0.0,0.0
5,5,,0.0,0.0,0.0,0.0,0.0,1.0,0.0,0.0,0.0,0.0
8,8,,0.0,0.0,0.0,0.0,0.0,0.0,0.0,0.0,1.0,0.0
3,3,,0.0,0.0,0.0,1.0,0.0,0.0,0.0,0.0,0.0,0.0
1,1,,0.0,1.0,0.0,0.0,0.0,0.0,0.0,0.0,0.0,0.0
9,9,,0.0,0.0,0.0,0.0,0.0,0.0,0.0,0.0,0.0,1.0
2,0,,1.0,0.0,0.0,0.0,0.0,0.0,0.0,0.0,0.0,0.0
6,6,,0.0,0.0,0.0,0.0,0.0,0.0,1.0,0.0,0.0,0.0
2,2,,0.0,0.0,1.0,0.0,0.0,0.0,0.0,0.0,0.0,0.0
5,5,,0.0,0.0,0.0,0.0,0.0,1.0,0.0,0.0,0.0,0.0
4,4,,0.0,0.0,0.0,0.0,1.0,0.0,0.0,0.0,0.0,0.0
5,5,,0.0,0.0,0.0,0.0,0.0,1.0,0.0,0.0,0.0,0.0
3,3,,0.0,0.0,0.0,1.0,0.0,0.0,0.0,0.0,0.0,0.0
9,9,,0.0,0.0,0.0,0.0,0.0,0.0,0.0,0.0,0.0,1.0
4,4,,0.0,0.0,0.0,0.0,1.0,0.0,0.0,0.0,0.0,0.0
1,1,,0.0,1.0,0.0,0.0,0.0,0.0,0.0,0.0,0.0,0.0
0,0,,1.0,0.0,0.0,0.0,0.0,0.0,0.0,0.0,0.0,0.0
9,9,,0.0,0.0,0.0,0.0,0.0,0.0,0.0,0.0,0.0,1.0
4,4,,0.0,0.0,0.0,0.0,1.0,0.0,0.0,0.0,0.0,0.0
5,5,,0.0,0.0,0.0,0.0,0.0,1.0,0.0,0.0,0.0,0.0
3,3,,0.0,0.0,0.0,1.0,0.0,0.0,0.0,0.0,0.0,0.0
0,0,,1.0,0.0,0.0,0.0,0.0,0.0,0.0,0.0,0.0,0.0
5,5,,0.0,0.0,0.0,0.0,0.0,1.0,0.0,0.0,0.0,0.0
1,1,,0.0,1.0,0.0,0.0,0.0,0.0,0.0,0.0,0.0,0.0
8,9,,0.0,0.0,0.0,0.0,0.0,0.0,0.0,0.0,0.0,1.0
0,5,,0.0,0.0,0.0,0.0,0.0,1.0,0.0,0.0,0.0,0.0
5,5,,0.0,0.0,0.0,0.0,0.0,1.0,0.0,0.0,0.0,0.0
9,3,,0.0,0.0,0.0,1.0,0.0,0.0,0.0,0.0,0.0,0.0
9,9,,0.0,0.0,0.0,0.0,0.0,0.0,0.0,0.0,0.0,1.0
8,9,,0.0,0.0,0.0,0.0,0.0,0.0,0.0,0.0,0.0,1.0
8,8,,0.0,0.0,0.0,0.0,0.0,0.0,0.0,0.0,1.0,0.0
6,6,,0.0,0.0,0.0,0.0,0.0,0.0,1.0,0.0,0.0,0.0
8,8,,0.0,0.0,0.0,0.0,0.0,0.0,0.0,0.0,1.0,0.0
2,9,,0.0,0.0,0.0,0.0,0.0,0.0,0.0,0.0,0.0,1.0
3,3,,0.0,0.0,0.0,1.0,0.0,0.0,0.0,0.0,0.0,0.0
7,7,,0.0,0.0,0.0,0.0,0.0,0.0,0.0,1.0,0.0,0.0
4,4,,0.0,0.0,0.0,0.0,1.0,0.0,0.0,0.0,0.0,0.0
9,9,,0.0,0.0,0.0,0.0,0.0,0.0,0.0,0.0,0.0,1.0
8,8,,0.0,0.0,0.0,0.0,0.0,0.0,0.0,0.0,1.0,0.0
7,7,,0.0,0.0,0.0,0.0,0.0,0.0,0.0,1.0,0.0,0.0
9,9,,0.0,0.0,0.0,0.0,0.0,0.0,0.0,0.0,0.0,1.0
5,5,,0.0,0.0,0.0,0.0,0.0,1.0,0.0,0.0,0.0,0.0
7,7,,0.0,0.0,0.0,0.0,0.0,0.0,0.0,1.0,0.0,0.0
2,2,,0.0,0.0,1.0,0.0,0.0,0.0,0.0,0.0,0.0,0.0
1,7,,0.0,0.0,0.0,0.0,0.0,0.0,0.0,1.0,0.0,0.0
1,1,,0.0,1.0,0.0,0.0,0.0,0.0,0.0,0.0,0.0,0.0
9,9,,0.0,0.0,0.0,0.0,0.0,0.0,0.0,0.0,0.0,1.0
3,3,,0.0,0.0,0.0,1.0,0.0,0.0,0.0,0.0,0.0,0.0
8,8,,0.0,0.0,0.0,0.0,0.0,0.0,0.0,0.0,1.0,0.0
6,6,,0.0,0.0,0.0,0.0,0.0,0.0,1.0,0.0,0.0,0.0
1,8,,0.0,0.0,0.0,0.0,0.0,0.0,0.0,0.0,1.0,0.0
5,5,,0.0,0.0,0.0,0.0,0.0,1.0,0.0,0.0,0.0,0.0
5,5,,0.0,0.0,0.0,0.0,0.0,1.0,0.0,0.0,0.0,0.0
8,8,,0.0,0.0,0.0,0.0,0.0,0.0,0.0,0.0,1.0,0.0
9,9,,0.0,0.0,0.0,0.0,0.0,0.0,0.0,0.0,0.0,1.0
9,9,,0.0,0.0,0.0,0.0,0.0,0.0,0.0,0.0,0.0,1.0
2,9,,0.0,0.0,0.0,0.0,0.0,0.0,0.0,0.0,0.0,1.0
9,5,,0.0,0.0,0.0,0.0,0.0,1.0,0.0,0.0,0.0,0.0
1,1,,0.0,1.0,0.0,0.0,0.0,0.0,0.0,0.0,0.0,0.0
9,9,,0.0,0.0,0.0,0.0,0.0,0.0,0.0,0.0,0.0,1.0
0,0,,1.0,0.0,0.0,0.0,0.0,0.0,0.0,0.0,0.0,0.0
4,4,,0.0,0.0,0.0,0.0,1.0,0.0,0.0,0.0,0.0,0.0
2,2,,0.0,0.0,1.0,0.0,0.0,0.0,0.0,0.0,0.0,0.0
0,0,,1.0,0.0,0.0,0.0,0.0,0.0,0.0,0.0,0.0,0.0
2,2,,0.0,0.0,1.0,0.0,0.0,0.0,0.0,0.0,0.0,0.0
7,9,,0.0,0.0,0.0,0.0,0.0,0.0,0.0,0.0,0.0,1.0
9,9,,0.0,0.0,0.0,0.0,0.0,0.0,0.0,0.0,0.0,1.0
8,8,,0.0,0.0,0.0,0.0,0.0,0.0,0.0,0.0,1.0,0.0
6,6,,0.0,0.0,0.0,0.0,0.0,0.0,1.0,0.0,0.0,0.0
9,9,,0.0,0.0,0.0,0.0,0.0,0.0,0.0,0.0,0.0,1.0
5,5,,0.0,0.0,0.0,0.0,0.0,1.0,0.0,0.0,0.0,0.0
1,8,,0.0,0.0,0.0,0.0,0.0,0.0,0.0,0.0,1.0,0.0
1,1,,0.0,1.0,0.0,0.0,0.0,0.0,0.0,0.0,0.0,0.0
5,5,,0.0,0.0,0.0,0.0,0.0,1.0,0.0,0.0,0.0,0.0
6,6,,0.0,0.0,0.0,0.0,0.0,0.0,1.0,0.0,0.0,0.0
1,1,,0.0,1.0,0.0,0.0,0.0,0.0,0.0,0.0,0.0,0.0
2,2,,0.0,0.0,1.0,0.0,0.0,0.0,0.0,0.0,0.0,0.0
8,8,,0.0,0.0,0.0,0.0,0.0,0.0,0.0,0.0,1.0,0.0
7,7,,0.0,0.0,0.0,0.0,0.0,0.0,0.0,1.0,0.0,0.0
6,6,,0.0,0.0,0.0,0.0,0.0,0.0,1.0,0.0,0.0,0.0
1,1,,0.0,1.0,0.0,0.0,0.0,0.0,0.0,0.0,0.0,0.0
9,2,,0.0,0.0,1.0,0.0,0.0,0.0,0.0,0.0,0.0,0.0
6,6,,0.0,0.0,0.0,0.0,0.0,0.0,1.0,0.0,0.0,0.0
2,2,,0.0,0.0,1.0,0.0,0.0,0.0,0.0,0.0,0.0,0.0
3,3,,0.0,0.0,0.0,1.0,0.0,0.0,0.0,0.0,0.0,0.0
1,1,,0.0,1.0,0.0,0.0,0.0,0.0,0.0,0.0,0.0,0.0
0,0,,1.0,0.0,0.0,0.0,0.0,0.0,0.0,0.0,0.0,0.0
9,9,,0.0,0.0,0.0,0.0,0.0,0.0,0.0,0.0,0.0,1.0
1,1,,0.0,1.0,0.0,0.0,0.0,0.0,0.0,0.0,0.0,0.0
3,3,,0.0,0.0,0.0,1.0,0.0,0.0,0.0,0.0,0.0,0.0
0,0,,1.0,0.0,0.0,0.0,0.0,0.0,0.0,0.0,0.0,0.0
1,1,,0.0,1.0,0.0,0.0,0.0,0.0,0.0,0.0,0.0,0.0
5,5,,0.0,0.0,0.0,0.0,0.0,1.0,0.0,0.0,0.0,0.0
1,1,,0.0,1.0,0.0,0.0,0.0,0.0,0.0,0.0,0.0,0.0
4,4,,0.0,0.0,0.0,0.0,1.0,0.0,0.0,0.0,0.0,0.0
9,9,,0.0,0.0,0.0,0.0,0.0,0.0,0.0,0.0,0.0,1.0
2,9,,0.0,0.0,0.0,0.0,0.0,0.0,0.0,0.0,0.0,1.0
2,9,,0.0,0.0,0.0,0.0,0.0,0.0,0.0,0.0,0.0,1.0
6,6,,0.0,0.0,0.0,0.0,0.0,0.0,1.0,0.0,0.0,0.0
3,3,,0.0,0.0,0.0,1.0,0.0,0.0,0.0,0.0,0.0,0.0
9,9,,0.0,0.0,0.0,0.0,0.0,0.0,0.0,0.0,0.0,1.0
3,3,,0.0,0.0,0.0,1.0,0.0,0.0,0.0,0.0,0.0,0.0
0,0,,1.0,0.0,0.0,0.0,0.0,0.0,0.0,0.0,0.0,0.0
1,1,,0.0,1.0,0.0,0.0,0.0,0.0,0.0,0.0,0.0,0.0
9,5,,0.0,0.0,0.0,0.0,0.0,1.0,0.0,0.0,0.0,0.0
5,5,,0.0,0.0,0.0,0.0,0.0,1.0,0.0,0.0,0.0,0.0
7,7,,0.0,0.0,0.0,0.0,0.0,0.0,0.0,1.0,0.0,0.0
5,3,,0.0,0.0,0.0,1.0,0.0,0.0,0.0,0.0,0.0,0.0
7,7,,0.0,0.0,0.0,0.0,0.0,0.0,0.0,1.0,0.0,0.0
6,6,,0.0,0.0,0.0,0.0,0.0,0.0,1.0,0.0,0.0,0.0
9,9,,0.0,0.0,0.0,0.0,0.0,0.0,0.0,0.0,0.0,1.0
0,0,,1.0,0.0,0.0,0.0,0.0,0.0,0.0,0.0,0.0,0.0
0,0,,1.0,0.0,0.0,0.0,0.0,0.0,0.0,0.0,0.0,0.0
8,8,,0.0,0.0,0.0,0.0,0.0,0.0,0.0,0.0,1.0,0.0
6,6,,0.0,0.0,0.0,0.0,0.0,0.0,1.0,0.0,0.0,0.0
7,7,,0.0,0.0,0.0,0.0,0.0,0.0,0.0,1.0,0.0,0.0
5,5,,0.0,0.0,0.0,0.0,0.0,1.0,0.0,0.0,0.0,0.0
1,6,,0.0,0.0,0.0,0.0,0.0,0.0,1.0,0.0,0.0,0.0
1,7,,0.0,0.0,0.0,0.0,0.0,0.0,0.0,1.0,0.0,0.0
3,3,,0.0,0.0,0.0,1.0,0.0,0.0,0.0,0.0,0.0,0.0
2,7,,0.0,0.0,0.0,0.0,0.0,0.0,0.0,1.0,0.0,0.0
1,1,,0.0,1.0,0.0,0.0,0.0,0.0,0.0,0.0,0.0,0.0
7,7,,0.0,0.0,0.0,0.0,0.0,0.0,0.0,1.0,0.0,0.0
2,2,,0.0,0.0,1.0,0.0,0.0,0.0,0.0,0.0,0.0,0.0
0,0,,1.0,0.0,0.0,0.0,0.0,0.0,0.0,0.0,0.0,0.0
7,7,,0.0,0.0,0.0,0.0,0.0,0.0,0.0,1.0,0.0,0.0
5,5,,0.0,0.0,0.0,0.0,0.0,1.0,0.0,0.0,0.0,0.0
4,4,,0.0,0.0,0.0,0.0,1.0,0.0,0.0,0.0,0.0,0.0
1,1,,0.0,1.0,0.0,0.0,0.0,0.0,0.0,0.0,0.0,0.0
2,8,,0.0,0.0,0.0,0.0,0.0,0.0,0.0,0.0,1.0,0.0
1,1,,0.0,1.0,0.0,0.0,0.0,0.0,0.0,0.0,0.0,0.0
9,9,,0.0,0.0,0.0,0.0,0.0,0.0,0.0,0.0,0.0,1.0
6,6,,0.0,0.0,0.0,0.0,0.0,0.0,1.0,0.0,0.0,0.0
6,6,,0.0,0.0,0.0,0.0,0.0,0.0,1.0,0.0,0.0,0.0
6,6,,0.0,0.0,0.0,0.0,0.0,0.0,1.0,0.0,0.0,0.0
8,7,,0.0,0.0,0.0,0.0,0.0,0.0,0.0,1.0,0.0,0.0
7,7,,0.0,0.0,0.0,0.0,0.0,0.0,0.0,1.0,0.0,0.0
7,7,,0.0,0.0,0.0,0.0,0.0,0.0,0.0,1.0,0.0,0.0
8,1,,0.0,1.0,0.0,0.0,0.0,0.0,0.0,0.0,0.0,0.0
5,5,,0.0,0.0,0.0,0.0,0.0,1.0,0.0,0.0,0.0,0.0
6,6,,0.0,0.0,0.0,0.0,0.0,0.0,1.0,0.0,0.0,0.0
1,1,,0.0,1.0,0.0,0.0,0.0,0.0,0.0,0.0,0.0,0.0
0,0,,1.0,0.0,0.0,0.0,0.0,0.0,0.0,0.0,0.0,0.0
9,9,,0.0,0.0,0.0,0.0,0.0,0.0,0.0,0.0,0.0,1.0
0,0,,1.0,0.0,0.0,0.0,0.0,0.0,0.0,0.0,0.0,0.0
5,5,,0.0,0.0,0.0,0.0,0.0,1.0,0.0,0.0,0.0,0.0
0,0,,1.0,0.0,0.0,0.0,0.0,0.0,0.0,0.0,0.0,0.0
1,1,,0.0,1.0,0.0,0.0,0.0,0.0,0.0,0.0,0.0,0.0
3,3,,0.0,0.0,0.0,1.0,0.0,0.0,0.0,0.0,0.0,0.0
4,4,,0.0,0.0,0.0,0.0,1.0,0.0,0.0,0.0,0.0,0.0
9,5,,0.0,0.0,0.0,0.0,0.0,1.0,0.0,0.0,0.0,0.0
0,0,,1.0,0.0,0.0,0.0,0.0,0.0,0.0,0.0,0.0,0.0
5,5,,0.0,0.0,0.0,0.0,0.0,1.0,0.0,0.0,0.0,0.0
2,2,,0.0,0.0,1.0,0.0,0.0,0.0,0.0,0.0,0.0,0.0
9,9,,0.0,0.0,0.0,0.0,0.0,0.0,0.0,0.0,0.0,1.0
3,3,,0.0,0.0,0.0,1.0,0.0,0.0,0.0,0.0,0.0,0.0
5,5,,0.0,0.0,0.0,0.0,0.0,1.0,0.0,0.0,0.0,0.0
0,0,,1.0,0.0,0.0,0.0,0.0,0.0,0.0,0.0,0.0,0.0
5,9,,0.0,0.0,0.0,0.0,0.0,0.0,0.0,0.0,0.0,1.0
7,7,,0.0,0.0,0.0,0.0,0.0,0.0,0.0,1.0,0.0,0.0
1,1,,0.0,1.0,0.0,0.0,0.0,0.0,0.0,0.0,0.0,0.0
1,1,,0.0,1.0,0.0,0.0,0.0,0.0,0.0,0.0,0.0,0.0
6,6,,0.0,0.0,0.0,0.0,0.0,0.0,1.0,0.0,0.0,0.0
1,8,,0.0,0.0,0.0,0.0,0.0,0.0,0.0,0.0,1.0,0.0
3,3,,0.0,0.0,0.0,1.0,0.0,0.0,0.0,0.0,0.0,0.0
1,1,,0.0,1.0,0.0,0.0,0.0,0.0,0.0,0.0,0.0,0.0
9,2,,0.0,0.0,1.0,0.0,0.0,0.0,0.0,0.0,0.0,0.0
5,7,,0.0,0.0,0.0,0.0,0.0,0.0,0.0,1.0,0.0,0.0
9,9,,0.0,0.0,0.0,0.0,0.0,0.0,0.0,0.0,0.0,1.0
3,3,,0.0,0.0,0.0,1.0,0.0,0.0,0.0,0.0,0.0,0.0
1,4,,0.0,0.0,0.0,0.0,1.0,0.0,0.0,0.0,0.0,0.0
8,8,,0.0,0.0,0.0,0.0,0.0,0.0,0.0,0.0,1.0,0.0
0,6,,0.0,0.0,0.0,0.0,0.0,0.0,1.0,0.0,0.0,0.0
2,2,,0.0,0.0,1.0,0.0,0.0,0.0,0.0,0.0,0.0,0.0
1,1,,0.0,1.0,0.0,0.0,0.0,0.0,0.0,0.0,0.0,0.0
6,6,,0.0,0.0,0.0,0.0,0.0,0.0,1.0,0.0,0.0,0.0
3,3,,0.0,0.0,0.0,1.0,0.0,0.0,0.0,0.0,0.0,0.0
8,8,,0.0,0.0,0.0,0.0,0.0,0.0,0.0,0.0,1.0,0.0
4,4,,0.0,0.0,0.0,0.0,1.0,0.0,0.0,0.0,0.0,0.0
7,7,,0.0,0.0,0.0,0.0,0.0,0.0,0.0,1.0,0.0,0.0
4,4,,0.0,0.0,0.0,0.0,1.0,0.0,0.0,0.0,0.0,0.0
2,6,,0.0,0.0,0.0,0.0,0.0,0.0,1.0,0.0,0.0,0.0
3,3,,0.0,0.0,0.0,1.0,0.0,0.0,0.0,0.0,0.0,0.0
4,4,,0.0,0.0,0.0,0.0,1.0,0.0,0.0,0.0,0.0,0.0
5,5,,0.0,0.0,0.0,0.0,0.0,1.0,0.0,0.0,0.0,0.0
8,8,,0.0,0.0,0.0,0.0,0.0,0.0,0.0,0.0,1.0,0.0
9,9,,0.0,0.0,0.0,0.0,0.0,0.0,0.0,0.0,0.0,1.0
1,1,,0.0,1.0,0.0,0.0,0.0,0.0,0.0,0.0,0.0,0.0
4,4,,0.0,0.0,0.0,0.0,1.0,0.0,0.0,0.0,0.0,0.0
0,0,,1.0,0.0,0.0,0.0,0.0,0.0,0.0,0.0,0.0,0.0
8,8,,0.0,0.0,0.0,0.0,0.0,0.0,0.0,0.0,1.0,0.0
4,4,,0.0,0.0,0.0,0.0,1.0,0.0,0.0,0.0,0.0,0.0
9,9,,0.0,0.0,0.0,0.0,0.0,0.0,0.0,0.0,0.0,1.0
8,7,,0.0,0.0,0.0,0.0,0.0,0.0,0.0,1.0,0.0,0.0
0,0,,1.0,0.0,0.0,0.0,0.0,0.0,0.0,0.0,0.0,0.0
4,4,,0.0,0.0,0.0,0.0,1.0,0.0,0.0,0.0,0.0,0.0
2,2,,0.0,0.0,1.0,0.0,0.0,0.0,0.0,0.0,0.0,0.0
6,6,,0.0,0.0,0.0,0.0,0.0,0.0,1.0,0.0,0.0,0.0
3,3,,0.0,0.0,0.0,1.0,0.0,0.0,0.0,0.0,0.0,0.0
3,3,,0.0,0.0,0.0,1.0,0.0,0.0,0.0,0.0,0.0,0.0
6,6,,0.0,0.0,0.0,0.0,0.0,0.0,1.0,0.0,0.0,0.0
5,8,,0.0,0.0,0.0,0.0,0.0,0.0,0.0,0.0,1.0,0.0
6,6,,0.0,0.0,0.0,0.0,0.0,0.0,1.0,0.0,0.0,0.0
3,3,,0.0,0.0,0.0,1.0,0.0,0.0,0.0,0.0,0.0,0.0
2,7,,0.0,0.0,0.0,0.0,0.0,0.0,0.0,1.0,0.0,0.0
8,0,,1.0,0.0,0.0,0.0,0.0,0.0,0.0,0.0,0.0,0.0
9,2,,0.0,0.0,1.0,0.0,0.0,0.0,0.0,0.0,0.0,0.0
2,9,,0.0,0.0,0.0,0.0,0.0,0.0,0.0,0.0,0.0,1.0
1,8,,0.0,0.0,0.0,0.0,0.0,0.0,0.0,0.0,1.0,0.0
4,4,,0.0,0.0,0.0,0.0,1.0,0.0,0.0,0.0,0.0,0.0
8,8,,0.0,0.0,0.0,0.0,0.0,0.0,0.0,0.0,1.0,0.0
8,8,,0.0,0.0,0.0,0.0,0.0,0.0,0.0,0.0,1.0,0.0
1,1,,0.0,1.0,0.0,0.0,0.0,0.0,0.0,0.0,0.0,0.0
5,5,,0.0,0.0,0.0,0.0,0.0,1.0,0.0,0.0,0.0,0.0
0,0,,1.0,0.0,0.0,0.0,0.0,0.0,0.0,0.0,0.0,0.0
6,6,,0.0,0.0,0.0,0.0,0.0,0.0,1.0,0.0,0.0,0.0
1,1,,0.0,1.0,0.0,0.0,0.0,0.0,0.0,0.0,0.0,0.0
2,2,,0.0,0.0,1.0,0.0,0.0,0.0,0.0,0.0,0.0,0.0
4,4,,0.0,0.0,0.0,0.0,1.0,0.0,0.0,0.0,0.0,0.0
9,9,,0.0,0.0,0.0,0.0,0.0,0.0,0.0,0.0,0.0,1.0
2,9,,0.0,0.0,0.0,0.0,0.0,0.0,0.0,0.0,0.0,1.0
5,3,,0.0,0.0,0.0,1.0,0.0,0.0,0.0,0.0,0.0,0.0
1,1,,0.0,1.0,0.0,0.0,0.0,0.0,0.0,0.0,0.0,0.0
6,6,,0.0,0.0,0.0,0.0,0.0,0.0,1.0,0.0,0.0,0.0
3,3,,0.0,0.0,0.0,1.0,0.0,0.0,0.0,0.0,0.0,0.0
4,4,,0.0,0.0,0.0,0.0,1.0,0.0,0.0,0.0,0.0,0.0
2,2,,0.0,0.0,1.0,0.0,0.0,0.0,0.0,0.0,0.0,0.0
6,6,,0.0,0.0,0.0,0.0,0.0,0.0,1.0,0.0,0.0,0.0
3,3,,0.0,0.0,0.0,1.0,0.0,0.0,0.0,0.0,0.0,0.0
5,5,,0.0,0.0,0.0,0.0,0.0,1.0,0.0,0.0,0.0,0.0
0,0,,1.0,0.0,0.0,0.0,0.0,0.0,0.0,0.0,0.0,0.0
6,6,,0.0,0.0,0.0,0.0,0.0,0.0,1.0,0.0,0.0,0.0
6,6,,0.0,0.0,0.0,0.0,0.0,0.0,1.0,0.0,0.0,0.0
6,6,,0.0,0.0,0.0,0.0,0.0,0.0,1.0,0.0,0.0,0.0
8,8,,0.0,0.0,0.0,0.0,0.0,0.0,0.0,0.0,1.0,0.0
4,4,,0.0,0.0,0.0,0.0,1.0,0.0,0.0,0.0,0.0,0.0
5,5,,0.0,0.0,0.0,0.0,0.0,1.0,0.0,0.0,0.0,0.0
4,4,,0.0,0.0,0.0,0.0,1.0,0.0,0.0,0.0,0.0,0.0
6,6,,0.0,0.0,0.0,0.0,0.0,0.0,1.0,0.0,0.0,0.0
4,4,,0.0,0.0,0.0,0.0,1.0,0.0,0.0,0.0,0.0,0.0
4,4,,0.0,0.0,0.0,0.0,1.0,0.0,0.0,0.0,0.0,0.0
9,9,,0.0,0.0,0.0,0.0,0.0,0.0,0.0,0.0,0.0,1.0
3,3,,0.0,0.0,0.0,1.0,0.0,0.0,0.0,0.0,0.0,0.0
7,9,,0.0,0.0,0.0,0.0,0.0,0.0,0.0,0.0,0.0,1.0
9,9,,0.0,0.0,0.0,0.0,0.0,0.0,0.0,0.0,0.0,1.0
0,0,,1.0,0.0,0.0,0.0,0.0,0.0,0.0,0.0,0.0,0.0
0,0,,1.0,0.0,0.0,0.0,0.0,0.0,0.0,0.0,0.0,0.0
4,4,,0.0,0.0,0.0,0.0,1.0,0.0,0.0,0.0,0.0,0.0
5,5,,0.0,0.0,0.0,0.0,0.0,1.0,0.0,0.0,0.0,0.0
9,9,,0.0,0.0,0.0,0.0,0.0,0.0,0.0,0.0,0.0,1.0
9,9,,0.0,0.0,0.0,0.0,0.0,0.0,0.0,0.0,0.0,1.0
7,9,,0.0,0.0,0.0,0.0,0.0,0.0,0.0,0.0,0.0,1.0
5,3,,0.0,0.0,0.0,1.0,0.0,0.0,0.0,0.0,0.0,0.0
7,7,,0.0,0.0,0.0,0.0,0.0,0.0,0.0,1.0,0.0,0.0
4,4,,0.0,0.0,0.0,0.0,1.0,0.0,0.0,0.0,0.0,0.0
7,7,,0.0,0.0,0.0,0.0,0.0,0.0,0.0,1.0,0.0,0.0
4,4,,0.0,0.0,0.0,0.0,1.0,0.0,0.0,0.0,0.0,0.0
9,9,,0.0,0.0,0.0,0.0,0.0,0.0,0.0,0.0,0.0,1.0
9,9,,0.0,0.0,0.0,0.0,0.0,0.0,0.0,0.0,0.0,1.0
4,4,,0.0,0.0,0.0,0.0,1.0,0.0,0.0,0.0,0.0,0.0
7,7,,0.0,0.0,0.0,0.0,0.0,0.0,0.0,1.0,0.0,0.0
5,9,,0.0,0.0,0.0,0.0,0.0,0.0,0.0,0.0,0.0,1.0
9,9,,0.0,0.0,0.0,0.0,0.0,0.0,0.0,0.0,0.0,1.0
7,7,,0.0,0.0,0.0,0.0,0.0,0.0,0.0,1.0,0.0,0.0
3,3,,0.0,0.0,0.0,1.0,0.0,0.0,0.0,0.0,0.0,0.0
6,6,,0.0,0.0,0.0,0.0,0.0,0.0,1.0,0.0,0.0,0.0
8,9,,0.0,0.0,0.0,0.0,0.0,0.0,0.0,0.0,0.0,1.0
1,1,,0.0,1.0,0.0,0.0,0.0,0.0,0.0,0.0,0.0,0.0
0,0,,1.0,0.0,0.0,0.0,0.0,0.0,0.0,0.0,0.0,0.0
8,8,,0.0,0.0,0.0,0.0,0.0,0.0,0.0,0.0,1.0,0.0
4,4,,0.0,0.0,0.0,0.0,1.0,0.0,0.0,0.0,0.0,0.0
5,5,,0.0,0.0,0.0,0.0,0.0,1.0,0.0,0.0,0.0,0.0
4,4,,0.0,0.0,0.0,0.0,1.0,0.0,0.0,0.0,0.0,0.0
2,2,,0.0,0.0,1.0,0.0,0.0,0.0,0.0,0.0,0.0,0.0
1,1,,0.0,1.0,0.0,0.0,0.0,0.0,0.0,0.0,0.0,0.0
6,6,,0.0,0.0,0.0,0.0,0.0,0.0,1.0,0.0,0.0,0.0
4,4,,0.0,0.0,0.0,0.0,1.0,0.0,0.0,0.0,0.0,0.0
2,2,,0.0,0.0,1.0,0.0,0.0,0.0,0.0,0.0,0.0,0.0
2,2,,0.0,0.0,1.0,0.0,0.0,0.0,0.0,0.0,0.0,0.0
3,3,,0.0,0.0,0.0,1.0,0.0,0.0,0.0,0.0,0.0,0.0
3,3,,0.0,0.0,0.0,1.0,0.0,0.0,0.0,0.0,0.0,0.0
6,6,,0.0,0.0,0.0,0.0,0.0,0.0,1.0,0.0,0.0,0.0
5,5,,0.0,0.0,0.0,0.0,0.0,1.0,0.0,0.0,0.0,0.0
8,0,,1.0,0.0,0.0,0.0,0.0,0.0,0.0,0.0,0.0,0.0
8,8,,0.0,0.0,0.0,0.0,0.0,0.0,0.0,0.0,1.0,0.0
0,0,,1.0,0.0,0.0,0.0,0.0,0.0,0.0,0.0,0.0,0.0
1,1,,0.0,1.0,0.0,0.0,0.0,0.0,0.0,0.0,0.0,0.0
5,5,,0.0,0.0,0.0,0.0,0.0,1.0,0.0,0.0,0.0,0.0
9,9,,0.0,0.0,0.0,0.0,0.0,0.0,0.0,0.0,0.0,1.0
0,0,,1.0,0.0,0.0,0.0,0.0,0.0,0.0,0.0,0.0,0.0
9,9,,0.0,0.0,0.0,0.0,0.0,0.0,0.0,0.0,0.0,1.0
8,8,,0.0,0.0,0.0,0.0,0.0,0.0,0.0,0.0,1.0,0.0
4,4,,0.0,0.0,0.0,0.0,1.0,0.0,0.0,0.0,0.0,0.0
5,5,,0.0,0.0,0.0,0.0,0.0,1.0,0.0,0.0,0.0,0.0
1,1,,0.0,1.0,0.0,0.0,0.0,0.0,0.0,0.0,0.0,0.0
8,8,,0.0,0.0,0.0,0.0,0.0,0.0,0.0,0.0,1.0,0.0
7,7,,0.0,0.0,0.0,0.0,0.0,0.0,0.0,1.0,0.0,0.0
9,9,,0.0,0.0,0.0,0.0,0.0,0.0,0.0,0.0,0.0,1.0
5,0,,1.0,0.0,0.0,0.0,0.0,0.0,0.0,0.0,0.0,0.0
4,9,,0.0,0.0,0.0,0.0,0.0,0.0,0.0,0.0,0.0,1.0
7,1,,0.0,1.0,0.0,0.0,0.0,0.0,0.0,0.0,0.0,0.0
4,4,,0.0,0.0,0.0,0.0,1.0,0.0,0.0,0.0,0.0,0.0
3,3,,0.0,0.0,0.0,1.0,0.0,0.0,0.0,0.0,0.0,0.0
6,6,,0.0,0.0,0.0,0.0,0.0,0.0,1.0,0.0,0.0,0.0
3,3,,0.0,0.0,0.0,1.0,0.0,0.0,0.0,0.0,0.0,0.0
0,0,,1.0,0.0,0.0,0.0,0.0,0.0,0.0,0.0,0.0,0.0
0,0,,1.0,0.0,0.0,0.0,0.0,0.0,0.0,0.0,0.0,0.0
1,1,,0.0,1.0,0.0,0.0,0.0,0.0,0.0,0.0,0.0,0.0
3,3,,0.0,0.0,0.0,1.0,0.0,0.0,0.0,0.0,0.0,0.0
4,4,,0.0,0.0,0.0,0.0,1.0,0.0,0.0,0.0,0.0,0.0
5,5,,0.0,0.0,0.0,0.0,0.0,1.0,0.0,0.0,0.0,0.0
1,1,,0.0,1.0,0.0,0.0,0.0,0.0,0.0,0.0,0.0,0.0
9,9,,0.0,0.0,0.0,0.0,0.0,0.0,0.0,0.0,0.0,1.0
0,0,,1.0,0.0,0.0,0.0,0.0,0.0,0.0,0.0,0.0,0.0
2,7,,0.0,0.0,0.0,0.0,0.0,0.0,0.0,1.0,0.0,0.0
0,0,,1.0,0.0,0.0,0.0,0.0,0.0,0.0,0.0,0.0,0.0
5,5,,0.0,0.0,0.0,0.0,0.0,1.0,0.0,0.0,0.0,0.0
8,8,,0.0,0.0,0.0,0.0,0.0,0.0,0.0,0.0,1.0,0.0
7,7,,0.0,0.0,0.0,0.0,0.0,0.0,0.0,1.0,0.0,0.0
3,3,,0.0,0.0,0.0,1.0,0.0,0.0,0.0,0.0,0.0,0.0
1,1,,0.0,1.0,0.0,0.0,0.0,0.0,0.0,0.0,0.0,0.0
0,0,,1.0,0.0,0.0,0.0,0.0,0.0,0.0,0.0,0.0,0.0
1,1,,0.0,1.0,0.0,0.0,0.0,0.0,0.0,0.0,0.0,0.0
2,0,,1.0,0.0,0.0,0.0,0.0,0.0,0.0,0.0,0.0,0.0
3,3,,0.0,0.0,0.0,1.0,0.0,0.0,0.0,0.0,0.0,0.0
9,9,,0.0,0.0,0.0,0.0,0.0,0.0,0.0,0.0,0.0,1.0
5,5,,0.0,0.0,0.0,0.0,0.0,1.0,0.0,0.0,0.0,0.0
7,7,,0.0,0.0,0.0,0.0,0.0,0.0,0.0,1.0,0.0,0.0
4,4,,0.0,0.0,0.0,0.0,1.0,0.0,0.0,0.0,0.0,0.0
7,7,,0.0,0.0,0.0,0.0,0.0,0.0,0.0,1.0,0.0,0.0
9,9,,0.0,0.0,0.0,0.0,0.0,0.0,0.0,0.0,0.0,1.0
7,7,,0.0,0.0,0.0,0.0,0.0,0.0,0.0,1.0,0.0,0.0
9,9,,0.0,0.0,0.0,0.0,0.0,0.0,0.0,0.0,0.0,1.0
4,4,,0.0,0.0,0.0,0.0,1.0,0.0,0.0,0.0,0.0,0.0
0,0,,1.0,0.0,0.0,0.0,0.0,0.0,0.0,0.0,0.0,0.0
8,8,,0.0,0.0,0.0,0.0,0.0,0.0,0.0,0.0,1.0,0.0
8,7,,0.0,0.0,0.0,0.0,0.0,0.0,0.0,1.0,0.0,0.0
8,8,,0.0,0.0,0.0,0.0,0.0,0.0,0.0,0.0,1.0,0.0
5,5,,0.0,0.0,0.0,0.0,0.0,1.0,0.0,0.0,0.0,0.0
0,0,,1.0,0.0,0.0,0.0,0.0,0.0,0.0,0.0,0.0,0.0
7,7,,0.0,0.0,0.0,0.0,0.0,0.0,0.0,1.0,0.0,0.0
4,4,,0.0,0.0,0.0,0.0,1.0,0.0,0.0,0.0,0.0,0.0
9,9,,0.0,0.0,0.0,0.0,0.0,0.0,0.0,0.0,0.0,1.0
7,7,,0.0,0.0,0.0,0.0,0.0,0.0,0.0,1.0,0.0,0.0
6,6,,0.0,0.0,0.0,0.0,0.0,0.0,1.0,0.0,0.0,0.0
6,6,,0.0,0.0,0.0,0.0,0.0,0.0,1.0,0.0,0.0,0.0
0,0,,1.0,0.0,0.0,0.0,0.0,0.0,0.0,0.0,0.0,0.0
4,4,,0.0,0.0,0.0,0.0,1.0,0.0,0.0,0.0,0.0,0.0
8,4,,0.0,0.0,0.0,0.0,1.0,0.0,0.0,0.0,0.0,0.0
7,7,,0.0,0.0,0.0,0.0,0.0,0.0,0.0,1.0,0.0,0.0
1,1,,0.0,1.0,0.0,0.0,0.0,0.0,0.0,0.0,0.0,0.0
5,5,,0.0,0.0,0.0,0.0,0.0,1.0,0.0,0.0,0.0,0.0
1,1,,0.0,1.0,0.0,0.0,0.0,0.0,0.0,0.0,0.0,0.0
3,3,,0.0,0.0,0.0,1.0,0.0,0.0,0.0,0.0,0.0,0.0
3,3,,0.0,0.0,0.0,1.0,0.0,0.0,0.0,0.0,0.0,0.0
7,7,,0.0,0.0,0.0,0.0,0.0,0.0,0.0,1.0,0.0,0.0
5,5,,0.0,0.0,0.0,0.0,0.0,1.0,0.0,0.0,0.0,0.0
7,7,,0.0,0.0,0.0,0.0,0.0,0.0,0.0,1.0,0.0,0.0
3,3,,0.0,0.0,0.0,1.0,0.0,0.0,0.0,0.0,0.0,0.0
5,5,,0.0,0.0,0.0,0.0,0.0,1.0,0.0,0.0,0.0,0.0
3,3,,0.0,0.0,0.0,1.0,0.0,0.0,0.0,0.0,0.0,0.0
3,3,,0.0,0.0,0.0,1.0,0.0,0.0,0.0,0.0,0.0,0.0
1,1,,0.0,1.0,0.0,0.0,0.0,0.0,0.0,0.0,0.0,0.0
9,9,,0.0,0.0,0.0,0.0,0.0,0.0,0.0,0.0,0.0,1.0
2,2,,0.0,0.0,1.0,0.0,0.0,0.0,0.0,0.0,0.0,0.0
2,9,,0.0,0.0,0.0,0.0,0.0,0.0,0.0,0.0,0.0,1.0
9,9,,0.0,0.0,0.0,0.0,0.0,0.0,0.0,0.0,0.0,1.0
1,1,,0.0,1.0,0.0,0.0,0.0,0.0,0.0,0.0,0.0,0.0
9,9,,0.0,0.0,0.0,0.0,0.0,0.0,0.0,0.0,0.0,1.0
6,6,,0.0,0.0,0.0,0.0,0.0,0.0,1.0,0.0,0.0,0.0
6,6,,0.0,0.0,0.0,0.0,0.0,0.0,1.0,0.0,0.0,0.0
5,5,,0.0,0.0,0.0,0.0,0.0,1.0,0.0,0.0,0.0,0.0
7,7,,0.0,0.0,0.0,0.0,0.0,0.0,0.0,1.0,0.0,0.0
6,6,,0.0,0.0,0.0,0.0,0.0,0.0,1.0,0.0,0.0,0.0
2,9,,0.0,0.0,0.0,0.0,0.0,0.0,0.0,0.0,0.0,1.0
4,4,,0.0,0.0,0.0,0.0,1.0,0.0,0.0,0.0,0.0,0.0
2,9,,0.0,0.0,0.0,0.0,0.0,0.0,0.0,0.0,0.0,1.0
4,4,,0.0,0.0,0.0,0.0,1.0,0.0,0.0,0.0,0.0,0.0
5,4,,0.0,0.0,0.0,0.0,1.0,0.0,0.0,0.0,0.0,0.0
4,4,,0.0,0.0,0.0,0.0,1.0,0.0,0.0,0.0,0.0,0.0
3,3,,0.0,0.0,0.0,1.0,0.0,0.0,0.0,0.0,0.0,0.0
5,5,,0.0,0.0,0.0,0.0,0.0,1.0,0.0,0.0,0.0,0.0
6,6,,0.0,0.0,0.0,0.0,0.0,0.0,1.0,0.0,0.0,0.0
0,0,,1.0,0.0,0.0,0.0,0.0,0.0,0.0,0.0,0.0,0.0
8,8,,0.0,0.0,0.0,0.0,0.0,0.0,0.0,0.0,1.0,0.0
3,3,,0.0,0.0,0.0,1.0,0.0,0.0,0.0,0.0,0.0,0.0
5,5,,0.0,0.0,0.0,0.0,0.0,1.0,0.0,0.0,0.0,0.0
0,0,,1.0,0.0,0.0,0.0,0.0,0.0,0.0,0.0,0.0,0.0
2,9,,0.0,0.0,0.0,0.0,0.0,0.0,0.0,0.0,0.0,1.0
5,5,,0.0,0.0,0.0,0.0,0.0,1.0,0.0,0.0,0.0,0.0
9,9,,0.0,0.0,0.0,0.0,0.0,0.0,0.0,0.0,0.0,1.0
7,7,,0.0,0.0,0.0,0.0,0.0,0.0,0.0,1.0,0.0,0.0
9,9,,0.0,0.0,0.0,0.0,0.0,0.0,0.0,0.0,0.0,1.0
7,7,,0.0,0.0,0.0,0.0,0.0,0.0,0.0,1.0,0.0,0.0
9,9,,0.0,0.0,0.0,0.0,0.0,0.0,0.0,0.0,0.0,1.0
2,2,,0.0,0.0,1.0,0.0,0.0,0.0,0.0,0.0,0.0,0.0
6,6,,0.0,0.0,0.0,0.0,0.0,0.0,1.0,0.0,0.0,0.0
7,7,,0.0,0.0,0.0,0.0,0.0,0.0,0.0,1.0,0.0,0.0
5,5,,0.0,0.0,0.0,0.0,0.0,1.0,0.0,0.0,0.0,0.0
7,7,,0.0,0.0,0.0,0.0,0.0,0.0,0.0,1.0,0.0,0.0
4,4,,0.0,0.0,0.0,0.0,1.0,0.0,0.0,0.0,0.0,0.0
2,4,,0.0,0.0,0.0,0.0,1.0,0.0,0.0,0.0,0.0,0.0
2,9,,0.0,0.0,0.0,0.0,0.0,0.0,0.0,0.0,0.0,1.0
0,0,,1.0,0.0,0.0,0.0,0.0,0.0,0.0,0.0,0.0,0.0
3,3,,0.0,0.0,0.0,1.0,0.0,0.0,0.0,0.0,0.0,0.0
1,7,,0.0,0.0,0.0,0.0,0.0,0.0,0.0,1.0,0.0,0.0
9,9,,0.0,0.0,0.0,0.0,0.0,0.0,0.0,0.0,0.0,1.0
4,4,,0.0,0.0,0.0,0.0,1.0,0.0,0.0,0.0,0.0,0.0
2,0,,1.0,0.0,0.0,0.0,0.0,0.0,0.0,0.0,0.0,0.0
9,9,,0.0,0.0,0.0,0.0,0.0,0.0,0.0,0.0,0.0,1.0
4,4,,0.0,0.0,0.0,0.0,1.0,0.0,0.0,0.0,0.0,0.0
4,4,,0.0,0.0,0.0,0.0,1.0,0.0,0.0,0.0,0.0,0.0
2,2,,0.0,0.0,1.0,0.0,0.0,0.0,0.0,0.0,0.0,0.0
4,4,,0.0,0.0,0.0,0.0,1.0,0.0,0.0,0.0,0.0,0.0
9,9,,0.0,0.0,0.0,0.0,0.0,0.0,0.0,0.0,0.0,1.0
6,6,,0.0,0.0,0.0,0.0,0.0,0.0,1.0,0.0,0.0,0.0
8,9,,0.0,0.0,0.0,0.0,0.0,0.0,0.0,0.0,0.0,1.0
6,6,,0.0,0.0,0.0,0.0,0.0,0.0,1.0,0.0,0.0,0.0
8,8,,0.0,0.0,0.0,0.0,0.0,0.0,0.0,0.0,1.0,0.0
9,9,,0.0,0.0,0.0,0.0,0.0,0.0,0.0,0.0,0.0,1.0
4,4,,0.0,0.0,0.0,0.0,1.0,0.0,0.0,0.0,0.0,0.0
6,6,,0.0,0.0,0.0,0.0,0.0,0.0,1.0,0.0,0.0,0.0
7,7,,0.0,0.0,0.0,0.0,0.0,0.0,0.0,1.0,0.0,0.0
9,9,,0.0,0.0,0.0,0.0,0.0,0.0,0.0,0.0,0.0,1.0
1,1,,0.0,1.0,0.0,0.0,0.0,0.0,0.0,0.0,0.0,0.0
2,2,,0.0,0.0,1.0,0.0,0.0,0.0,0.0,0.0,0.0,0.0
0,0,,1.0,0.0,0.0,0.0,0.0,0.0,0.0,0.0,0.0,0.0
2,2,,0.0,0.0,1.0,0.0,0.0,0.0,0.0,0.0,0.0,0.0
2,2,,0.0,0.0,1.0,0.0,0.0,0.0,0.0,0.0,0.0,0.0
7,7,,0.0,0.0,0.0,0.0,0.0,0.0,0.0,1.0,0.0,0.0
1,1,,0.0,1.0,0.0,0.0,0.0,0.0,0.0,0.0,0.0,0.0
8,7,,0.0,0.0,0.0,0.0,0.0,0.0,0.0,1.0,0.0,0.0
9,9,,0.0,0.0,0.0,0.0,0.0,0.0,0.0,0.0,0.0,1.0
8,8,,0.0,0.0,0.0,0.0,0.0,0.0,0.0,0.0,1.0,0.0
2,7,,0.0,0.0,0.0,0.0,0.0,0.0,0.0,1.0,0.0,0.0
3,3,,0.0,0.0,0.0,1.0,0.0,0.0,0.0,0.0,0.0,0.0
3,3,,0.0,0.0,0.0,1.0,0.0,0.0,0.0,0.0,0.0,0.0
8,0,,1.0,0.0,0.0,0.0,0.0,0.0,0.0,0.0,0.0,0.0
9,9,,0.0,0.0,0.0,0.0,0.0,0.0,0.0,0.0,0.0,1.0
0,0,,1.0,0.0,0.0,0.0,0.0,0.0,0.0,0.0,0.0,0.0
7,7,,0.0,0.0,0.0,0.0,0.0,0.0,0.0,1.0,0.0,0.0
5,5,,0.0,0.0,0.0,0.0,0.0,1.0,0.0,0.0,0.0,0.0
6,6,,0.0,0.0,0.0,0.0,0.0,0.0,1.0,0.0,0.0,0.0
4,4,,0.0,0.0,0.0,0.0,1.0,0.0,0.0,0.0,0.0,0.0
2,2,,0.0,0.0,1.0,0.0,0.0,0.0,0.0,0.0,0.0,0.0
1,1,,0.0,1.0,0.0,0.0,0.0,0.0,0.0,0.0,0.0,0.0
1,1,,0.0,1.0,0.0,0.0,0.0,0.0,0.0,0.0,0.0,0.0
5,5,,0.0,0.0,0.0,0.0,0.0,1.0,0.0,0.0,0.0,0.0
8,8,,0.0,0.0,0.0,0.0,0.0,0.0,0.0,0.0,1.0,0.0
4,4,,0.0,0.0,0.0,0.0,1.0,0.0,0.0,0.0,0.0,0.0
5,5,,0.0,0.0,0.0,0.0,0.0,1.0,0.0,0.0,0.0,0.0
5,8,,0.0,0.0,0.0,0.0,0.0,0.0,0.0,0.0,1.0,0.0
2,9,,0.0,0.0,0.0,0.0,0.0,0.0,0.0,0.0,0.0,1.0
3,3,,0.0,0.0,0.0,1.0,0.0,0.0,0.0,0.0,0.0,0.0
4,4,,0.0,0.0,0.0,0.0,1.0,0.0,0.0,0.0,0.0,0.0
5,5,,0.0,0.0,0.0,0.0,0.0,1.0,0.0,0.0,0.0,0.0
2,9,,0.0,0.0,0.0,0.0,0.0,0.0,0.0,0.0,0.0,1.0
5,5,,0.0,0.0,0.0,0.0,0.0,1.0,0.0,0.0,0.0,0.0
2,2,,0.0,0.0,1.0,0.0,0.0,0.0,0.0,0.0,0.0,0.0
8,8,,0.0,0.0,0.0,0.0,0.0,0.0,0.0,0.0,1.0,0.0
1,1,,0.0,1.0,0.0,0.0,0.0,0.0,0.0,0.0,0.0,0.0
4,4,,0.0,0.0,0.0,0.0,1.0,0.0,0.0,0.0,0.0,0.0
6,6,,0.0,0.0,0.0,0.0,0.0,0.0,1.0,0.0,0.0,0.0
3,3,,0.0,0.0,0.0,1.0,0.0,0.0,0.0,0.0,0.0,0.0
6,6,,0.0,0.0,0.0,0.0,0.0,0.0,1.0,0.0,0.0,0.0
3,3,,0.0,0.0,0.0,1.0,0.0,0.0,0.0,0.0,0.0,0.0
1,7,,0.0,0.0,0.0,0.0,0.0,0.0,0.0,1.0,0.0,0.0
9,9,,0.0,0.0,0.0,0.0,0.0,0.0,0.0,0.0,0.0,1.0
0,0,,1.0,0.0,0.0,0.0,0.0,0.0,0.0,0.0,0.0,0.0
2,9,,0.0,0.0,0.0,0.0,0.0,0.0,0.0,0.0,0.0,1.0
4,4,,0.0,0.0,0.0,0.0,1.0,0.0,0.0,0.0,0.0,0.0
6,6,,0.0,0.0,0.0,0.0,0.0,0.0,1.0,0.0,0.0,0.0
7,2,,0.0,0.0,1.0,0.0,0.0,0.0,0.0,0.0,0.0,0.0
2,9,,0.0,0.0,0.0,0.0,0.0,0.0,0.0,0.0,0.0,1.0
6,6,,0.0,0.0,0.0,0.0,0.0,0.0,1.0,0.0,0.0,0.0
9,3,,0.0,0.0,0.0,1.0,0.0,0.0,0.0,0.0,0.0,0.0
9,9,,0.0,0.0,0.0,0.0,0.0,0.0,0.0,0.0,0.0,1.0
8,3,,0.0,0.0,0.0,1.0,0.0,0.0,0.0,0.0,0.0,0.0
3,3,,0.0,0.0,0.0,1.0,0.0,0.0,0.0,0.0,0.0,0.0
1,8,,0.0,0.0,0.0,0.0,0.0,0.0,0.0,0.0,1.0,0.0
3,3,,0.0,0.0,0.0,1.0,0.0,0.0,0.0,0.0,0.0,0.0
6,6,,0.0,0.0,0.0,0.0,0.0,0.0,1.0,0.0,0.0,0.0
2,7,,0.0,0.0,0.0,0.0,0.0,0.0,0.0,1.0,0.0,0.0
7,7,,0.0,0.0,0.0,0.0,0.0,0.0,0.0,1.0,0.0,0.0
0,0,,1.0,0.0,0.0,0.0,0.0,0.0,0.0,0.0,0.0,0.0
4,4,,0.0,0.0,0.0,0.0,1.0,0.0,0.0,0.0,0.0,0.0
8,8,,0.0,0.0,0.0,0.0,0.0,0.0,0.0,0.0,1.0,0.0
2,5,,0.0,0.0,0.0,0.0,0.0,1.0,0.0,0.0,0.0,0.0
0,0,,1.0,0.0,0.0,0.0,0.0,0.0,0.0,0.0,0.0,0.0
4,4,,0.0,0.0,0.0,0.0,1.0,0.0,0.0,0.0,0.0,0.0
7,7,,0.0,0.0,0.0,0.0,0.0,0.0,0.0,1.0,0.0,0.0
8,8,,0.0,0.0,0.0,0.0,0.0,0.0,0.0,0.0,1.0,0.0
7,7,,0.0,0.0,0.0,0.0,0.0,0.0,0.0,1.0,0.0,0.0
2,9,,0.0,0.0,0.0,0.0,0.0,0.0,0.0,0.0,0.0,1.0
9,2,,0.0,0.0,1.0,0.0,0.0,0.0,0.0,0.0,0.0,0.0
5,5,,0.0,0.0,0.0,0.0,0.0,1.0,0.0,0.0,0.0,0.0
1,1,,0.0,1.0,0.0,0.0,0.0,0.0,0.0,0.0,0.0,0.0
0,0,,1.0,0.0,0.0,0.0,0.0,0.0,0.0,0.0,0.0,0.0
0,0,,1.0,0.0,0.0,0.0,0.0,0.0,0.0,0.0,0.0,0.0
0,0,,1.0,0.0,0.0,0.0,0.0,0.0,0.0,0.0,0.0,0.0
6,6,,0.0,0.0,0.0,0.0,0.0,0.0,1.0,0.0,0.0,0.0
3,3,,0.0,0.0,0.0,1.0,0.0,0.0,0.0,0.0,0.0,0.0
7,7,,0.0,0.0,0.0,0.0,0.0,0.0,0.0,1.0,0.0,0.0
2,2,,0.0,0.0,1.0,0.0,0.0,0.0,0.0,0.0,0.0,0.0
4,4,,0.0,0.0,0.0,0.0,1.0,0.0,0.0,0.0,0.0,0.0
5,5,,0.0,0.0,0.0,0.0,0.0,1.0,0.0,0.0,0.0,0.0
1,8,,0.0,0.0,0.0,0.0,0.0,0.0,0.0,0.0,1.0,0.0
7,7,,0.0,0.0,0.0,0.0,0.0,0.0,0.0,1.0,0.0,0.0
7,7,,0.0,0.0,0.0,0.0,0.0,0.0,0.0,1.0,0.0,0.0
5,5,,0.0,0.0,0.0,0.0,0.0,1.0,0.0,0.0,0.0,0.0
7,7,,0.0,0.0,0.0,0.0,0.0,0.0,0.0,1.0,0.0,0.0
5,5,,0.0,0.0,0.0,0.0,0.0,1.0,0.0,0.0,0.0,0.0
9,9,,0.0,0.0,0.0,0.0,0.0,0.0,0.0,0.0,0.0,1.0
2,2,,0.0,0.0,1.0,0.0,0.0,0.0,0.0,0.0,0.0,0.0
7,7,,0.0,0.0,0.0,0.0,0.0,0.0,0.0,1.0,0.0,0.0
1,1,,0.0,1.0,0.0,0.0,0.0,0.0,0.0,0.0,0.0,0.0
9,9,,0.0,0.0,0.0,0.0,0.0,0.0,0.0,0.0,0.0,1.0
1,8,,0.0,0.0,0.0,0.0,0.0,0.0,0.0,0.0,1.0,0.0
5,9,,0.0,0.0,0.0,0.0,0.0,0.0,0.0,0.0,0.0,1.0
2,2,,0.0,0.0,1.0,0.0,0.0,0.0,0.0,0.0,0.0,0.0
1,1,,0.0,1.0,0.0,0.0,0.0,0.0,0.0,0.0,0.0,0.0
8,5,,0.0,0.0,0.0,0.0,0.0,1.0,0.0,0.0,0.0,0.0
8,7,,0.0,0.0,0.0,0.0,0.0,0.0,0.0,1.0,0.0,0.0
3,3,,0.0,0.0,0.0,1.0,0.0,0.0,0.0,0.0,0.0,0.0
4,4,,0.0,0.0,0.0,0.0,1.0,0.0,0.0,0.0,0.0,0.0
6,6,,0.0,0.0,0.0,0.0,0.0,0.0,1.0,0.0,0.0,0.0
1,1,,0.0,1.0,0.0,0.0,0.0,0.0,0.0,0.0,0.0,0.0
8,0,,1.0,0.0,0.0,0.0,0.0,0.0,0.0,0.0,0.0,0.0
7,4,,0.0,0.0,0.0,0.0,1.0,0.0,0.0,0.0,0.0,0.0
9,3,,0.0,0.0,0.0,1.0,0.0,0.0,0.0,0.0,0.0,0.0
0,0,,1.0,0.0,0.0,0.0,0.0,0.0,0.0,0.0,0.0,0.0
0,0,,1.0,0.0,0.0,0.0,0.0,0.0,0.0,0.0,0.0,0.0
4,4,,0.0,0.0,0.0,0.0,1.0,0.0,0.0,0.0,0.0,0.0
8,8,,0.0,0.0,0.0,0.0,0.0,0.0,0.0,0.0,1.0,0.0
3,3,,0.0,0.0,0.0,1.0,0.0,0.0,0.0,0.0,0.0,0.0
2,7,,0.0,0.0,0.0,0.0,0.0,0.0,0.0,1.0,0.0,0.0
4,4,,0.0,0.0,0.0,0.0,1.0,0.0,0.0,0.0,0.0,0.0
7,5,,0.0,0.0,0.0,0.0,0.0,1.0,0.0,0.0,0.0,0.0
8,8,,0.0,0.0,0.0,0.0,0.0,0.0,0.0,0.0,1.0,0.0
6,6,,0.0,0.0,0.0,0.0,0.0,0.0,1.0,0.0,0.0,0.0
8,8,,0.0,0.0,0.0,0.0,0.0,0.0,0.0,0.0,1.0,0.0
7,0,,1.0,0.0,0.0,0.0,0.0,0.0,0.0,0.0,0.0,0.0
8,5,,0.0,0.0,0.0,0.0,0.0,1.0,0.0,0.0,0.0,0.0
4,4,,0.0,0.0,0.0,0.0,1.0,0.0,0.0,0.0,0.0,0.0
4,4,,0.0,0.0,0.0,0.0,1.0,0.0,0.0,0.0,0.0,0.0
5,9,,0.0,0.0,0.0,0.0,0.0,0.0,0.0,0.0,0.0,1.0
2,2,,0.0,0.0,1.0,0.0,0.0,0.0,0.0,0.0,0.0,0.0
0,0,,1.0,0.0,0.0,0.0,0.0,0.0,0.0,0.0,0.0,0.0
0,0,,1.0,0.0,0.0,0.0,0.0,0.0,0.0,0.0,0.0,0.0
0,0,,1.0,0.0,0.0,0.0,0.0,0.0,0.0,0.0,0.0,0.0
9,0,,1.0,0.0,0.0,0.0,0.0,0.0,0.0,0.0,0.0,0.0
8,2,,0.0,0.0,1.0,0.0,0.0,0.0,0.0,0.0,0.0,0.0
9,9,,0.0,0.0,0.0,0.0,0.0,0.0,0.0,0.0,0.0,1.0
7,8,,0.0,0.0,0.0,0.0,0.0,0.0,0.0,0.0,1.0,0.0
7,7,,0.0,0.0,0.0,0.0,0.0,0.0,0.0,1.0,0.0,0.0
0,0,,1.0,0.0,0.0,0.0,0.0,0.0,0.0,0.0,0.0,0.0
7,7,,0.0,0.0,0.0,0.0,0.0,0.0,0.0,1.0,0.0,0.0
9,9,,0.0,0.0,0.0,0.0,0.0,0.0,0.0,0.0,0.0,1.0
6,6,,0.0,0.0,0.0,0.0,0.0,0.0,1.0,0.0,0.0,0.0
8,8,,0.0,0.0,0.0,0.0,0.0,0.0,0.0,0.0,1.0,0.0
2,2,,0.0,0.0,1.0,0.0,0.0,0.0,0.0,0.0,0.0,0.0
4,4,,0.0,0.0,0.0,0.0,1.0,0.0,0.0,0.0,0.0,0.0
0,0,,1.0,0.0,0.0,0.0,0.0,0.0,0.0,0.0,0.0,0.0
6,6,,0.0,0.0,0.0,0.0,0.0,0.0,1.0,0.0,0.0,0.0
1,1,,0.0,1.0,0.0,0.0,0.0,0.0,0.0,0.0,0.0,0.0
0,0,,1.0,0.0,0.0,0.0,0.0,0.0,0.0,0.0,0.0,0.0
6,6,,0.0,0.0,0.0,0.0,0.0,0.0,1.0,0.0,0.0,0.0
6,6,,0.0,0.0,0.0,0.0,0.0,0.0,1.0,0.0,0.0,0.0
2,9,,0.0,0.0,0.0,0.0,0.0,0.0,0.0,0.0,0.0,1.0
3,3,,0.0,0.0,0.0,1.0,0.0,0.0,0.0,0.0,0.0,0.0
9,9,,0.0,0.0,0.0,0.0,0.0,0.0,0.0,0.0,0.0,1.0
7,7,,0.0,0.0,0.0,0.0,0.0,0.0,0.0,1.0,0.0,0.0
3,3,,0.0,0.0,0.0,1.0,0.0,0.0,0.0,0.0,0.0,0.0
3,3,,0.0,0.0,0.0,1.0,0.0,0.0,0.0,0.0,0.0,0.0
8,8,,0.0,0.0,0.0,0.0,0.0,0.0,0.0,0.0,1.0,0.0
8,8,,0.0,0.0,0.0,0.0,0.0,0.0,0.0,0.0,1.0,0.0
7,7,,0.0,0.0,0.0,0.0,0.0,0.0,0.0,1.0,0.0,0.0
0,0,,1.0,0.0,0.0,0.0,0.0,0.0,0.0,0.0,0.0,0.0
7,7,,0.0,0.0,0.0,0.0,0.0,0.0,0.0,1.0,0.0,0.0
7,0,,1.0,0.0,0.0,0.0,0.0,0.0,0.0,0.0,0.0,0.0
0,0,,1.0,0.0,0.0,0.0,0.0,0.0,0.0,0.0,0.0,0.0
9,9,,0.0,0.0,0.0,0.0,0.0,0.0,0.0,0.0,0.0,1.0
3,3,,0.0,0.0,0.0,1.0,0.0,0.0,0.0,0.0,0.0,0.0
4,4,,0.0,0.0,0.0,0.0,1.0,0.0,0.0,0.0,0.0,0.0
3,3,,0.0,0.0,0.0,1.0,0.0,0.0,0.0,0.0,0.0,0.0
7,7,,0.0,0.0,0.0,0.0,0.0,0.0,0.0,1.0,0.0,0.0
4,4,,0.0,0.0,0.0,0.0,1.0,0.0,0.0,0.0,0.0,0.0
9,9,,0.0,0.0,0.0,0.0,0.0,0.0,0.0,0.0,0.0,1.0
4,4,,0.0,0.0,0.0,0.0,1.0,0.0,0.0,0.0,0.0,0.0
6,6,,0.0,0.0,0.0,0.0,0.0,0.0,1.0,0.0,0.0,0.0
9,6,,0.0,0.0,0.0,0.0,0.0,0.0,1.0,0.0,0.0,0.0
6,6,,0.0,0.0,0.0,0.0,0.0,0.0,1.0,0.0,0.0,0.0
5,5,,0.0,0.0,0.0,0.0,0.0,1.0,0.0,0.0,0.0,0.0
8,2,,0.0,0.0,1.0,0.0,0.0,0.0,0.0,0.0,0.0,0.0
8,8,,0.0,0.0,0.0,0.0,0.0,0.0,0.0,0.0,1.0,0.0
0,0,,1.0,0.0,0.0,0.0,0.0,0.0,0.0,0.0,0.0,0.0
3,3,,0.0,0.0,0.0,1.0,0.0,0.0,0.0,0.0,0.0,0.0
5,5,,0.0,0.0,0.0,0.0,0.0,1.0,0.0,0.0,0.0,0.0
2,6,,0.0,0.0,0.0,0.0,0.0,0.0,1.0,0.0,0.0,0.0
6,6,,0.0,0.0,0.0,0.0,0.0,0.0,1.0,0.0,0.0,0.0
0,0,,1.0,0.0,0.0,0.0,0.0,0.0,0.0,0.0,0.0,0.0
3,3,,0.0,0.0,0.0,1.0,0.0,0.0,0.0,0.0,0.0,0.0
6,6,,0.0,0.0,0.0,0.0,0.0,0.0,1.0,0.0,0.0,0.0
3,3,,0.0,0.0,0.0,1.0,0.0,0.0,0.0,0.0,0.0,0.0
7,7,,0.0,0.0,0.0,0.0,0.0,0.0,0.0,1.0,0.0,0.0
0,0,,1.0,0.0,0.0,0.0,0.0,0.0,0.0,0.0,0.0,0.0
0,0,,1.0,0.0,0.0,0.0,0.0,0.0,0.0,0.0,0.0,0.0
7,7,,0.0,0.0,0.0,0.0,0.0,0.0,0.0,1.0,0.0,0.0
2,9,,0.0,0.0,0.0,0.0,0.0,0.0,0.0,0.0,0.0,1.0
4,4,,0.0,0.0,0.0,0.0,1.0,0.0,0.0,0.0,0.0,0.0
2,2,,0.0,0.0,1.0,0.0,0.0,0.0,0.0,0.0,0.0,0.0
9,9,,0.0,0.0,0.0,0.0,0.0,0.0,0.0,0.0,0.0,1.0
1,1,,0.0,1.0,0.0,0.0,0.0,0.0,0.0,0.0,0.0,0.0
2,9,,0.0,0.0,0.0,0.0,0.0,0.0,0.0,0.0,0.0,1.0
9,9,,0.0,0.0,0.0,0.0,0.0,0.0,0.0,0.0,0.0,1.0
7,7,,0.0,0.0,0.0,0.0,0.0,0.0,0.0,1.0,0.0,0.0
4,4,,0.0,0.0,0.0,0.0,1.0,0.0,0.0,0.0,0.0,0.0
2,4,,0.0,0.0,0.0,0.0,1.0,0.0,0.0,0.0,0.0,0.0
9,9,,0.0,0.0,0.0,0.0,0.0,0.0,0.0,0.0,0.0,1.0
1,1,,0.0,1.0,0.0,0.0,0.0,0.0,0.0,0.0,0.0,0.0
4,4,,0.0,0.0,0.0,0.0,1.0,0.0,0.0,0.0,0.0,0.0
4,4,,0.0,0.0,0.0,0.0,1.0,0.0,0.0,0.0,0.0,0.0
7,7,,0.0,0.0,0.0,0.0,0.0,0.0,0.0,1.0,0.0,0.0
0,0,,1.0,0.0,0.0,0.0,0.0,0.0,0.0,0.0,0.0,0.0
3,3,,0.0,0.0,0.0,1.0,0.0,0.0,0.0,0.0,0.0,0.0
2,2,,0.0,0.0,1.0,0.0,0.0,0.0,0.0,0.0,0.0,0.0
9,9,,0.0,0.0,0.0,0.0,0.0,0.0,0.0,0.0,0.0,1.0
1,1,,0.0,1.0,0.0,0.0,0.0,0.0,0.0,0.0,0.0,0.0
8,9,,0.0,0.0,0.0,0.0,0.0,0.0,0.0,0.0,0.0,1.0
4,4,,0.0,0.0,0.0,0.0,1.0,0.0,0.0,0.0,0.0,0.0
1,1,,0.0,1.0,0.0,0.0,0.0,0.0,0.0,0.0,0.0,0.0
5,5,,0.0,0.0,0.0,0.0,0.0,1.0,0.0,0.0,0.0,0.0
6,6,,0.0,0.0,0.0,0.0,0.0,0.0,1.0,0.0,0.0,0.0
8,5,,0.0,0.0,0.0,0.0,0.0,1.0,0.0,0.0,0.0,0.0
9,9,,0.0,0.0,0.0,0.0,0.0,0.0,0.0,0.0,0.0,1.0
9,9,,0.0,0.0,0.0,0.0,0.0,0.0,0.0,0.0,0.0,1.0
2,7,,0.0,0.0,0.0,0.0,0.0,0.0,0.0,1.0,0.0,0.0
2,2,,0.0,0.0,1.0,0.0,0.0,0.0,0.0,0.0,0.0,0.0
5,3,,0.0,0.0,0.0,1.0,0.0,0.0,0.0,0.0,0.0,0.0
5,9,,0.0,0.0,0.0,0.0,0.0,0.0,0.0,0.0,0.0,1.0
7,5,,0.0,0.0,0.0,0.0,0.0,1.0,0.0,0.0,0.0,0.0
8,9,,0.0,0.0,0.0,0.0,0.0,0.0,0.0,0.0,0.0,1.0
2,4,,0.0,0.0,0.0,0.0,1.0,0.0,0.0,0.0,0.0,0.0
3,3,,0.0,0.0,0.0,1.0,0.0,0.0,0.0,0.0,0.0,0.0
6,6,,0.0,0.0,0.0,0.0,0.0,0.0,1.0,0.0,0.0,0.0
3,3,,0.0,0.0,0.0,1.0,0.0,0.0,0.0,0.0,0.0,0.0
4,4,,0.0,0.0,0.0,0.0,1.0,0.0,0.0,0.0,0.0,0.0
3,3,,0.0,0.0,0.0,1.0,0.0,0.0,0.0,0.0,0.0,0.0
5,5,,0.0,0.0,0.0,0.0,0.0,1.0,0.0,0.0,0.0,0.0
3,3,,0.0,0.0,0.0,1.0,0.0,0.0,0.0,0.0,0.0,0.0
0,0,,1.0,0.0,0.0,0.0,0.0,0.0,0.0,0.0,0.0,0.0
2,2,,0.0,0.0,1.0,0.0,0.0,0.0,0.0,0.0,0.0,0.0
4,4,,0.0,0.0,0.0,0.0,1.0,0.0,0.0,0.0,0.0,0.0
4,4,,0.0,0.0,0.0,0.0,1.0,0.0,0.0,0.0,0.0,0.0
1,3,,0.0,0.0,0.0,1.0,0.0,0.0,0.0,0.0,0.0,0.0
7,7,,0.0,0.0,0.0,0.0,0.0,0.0,0.0,1.0,0.0,0.0
8,8,,0.0,0.0,0.0,0.0,0.0,0.0,0.0,0.0,1.0,0.0
7,0,,1.0,0.0,0.0,0.0,0.0,0.0,0.0,0.0,0.0,0.0
1,1,,0.0,1.0,0.0,0.0,0.0,0.0,0.0,0.0,0.0,0.0
6,6,,0.0,0.0,0.0,0.0,0.0,0.0,1.0,0.0,0.0,0.0
0,0,,1.0,0.0,0.0,0.0,0.0,0.0,0.0,0.0,0.0,0.0
3,3,,0.0,0.0,0.0,1.0,0.0,0.0,0.0,0.0,0.0,0.0
8,8,,0.0,0.0,0.0,0.0,0.0,0.0,0.0,0.0,1.0,0.0
7,7,,0.0,0.0,0.0,0.0,0.0,0.0,0.0,1.0,0.0,0.0
4,4,,0.0,0.0,0.0,0.0,1.0,0.0,0.0,0.0,0.0,0.0
3,9,,0.0,0.0,0.0,0.0,0.0,0.0,0.0,0.0,0.0,1.0
4,4,,0.0,0.0,0.0,0.0,1.0,0.0,0.0,0.0,0.0,0.0
2,2,,0.0,0.0,1.0,0.0,0.0,0.0,0.0,0.0,0.0,0.0
8,8,,0.0,0.0,0.0,0.0,0.0,0.0,0.0,0.0,1.0,0.0
1,1,,0.0,1.0,0.0,0.0,0.0,0.0,0.0,0.0,0.0,0.0
0,0,,1.0,0.0,0.0,0.0,0.0,0.0,0.0,0.0,0.0,0.0
8,2,,0.0,0.0,1.0,0.0,0.0,0.0,0.0,0.0,0.0,0.0
3,3,,0.0,0.0,0.0,1.0,0.0,0.0,0.0,0.0,0.0,0.0
8,8,,0.0,0.0,0.0,0.0,0.0,0.0,0.0,0.0,1.0,0.0
9,9,,0.0,0.0,0.0,0.0,0.0,0.0,0.0,0.0,0.0,1.0
8,8,,0.0,0.0,0.0,0.0,0.0,0.0,0.0,0.0,1.0,0.0
3,3,,0.0,0.0,0.0,1.0,0.0,0.0,0.0,0.0,0.0,0.0
7,7,,0.0,0.0,0.0,0.0,0.0,0.0,0.0,1.0,0.0,0.0
5,5,,0.0,0.0,0.0,0.0,0.0,1.0,0.0,0.0,0.0,0.0
2,2,,0.0,0.0,1.0,0.0,0.0,0.0,0.0,0.0,0.0,0.0
7,7,,0.0,0.0,0.0,0.0,0.0,0.0,0.0,1.0,0.0,0.0
1,1,,0.0,1.0,0.0,0.0,0.0,0.0,0.0,0.0,0.0,0.0
1,1,,0.0,1.0,0.0,0.0,0.0,0.0,0.0,0.0,0.0,0.0
3,3,,0.0,0.0,0.0,1.0,0.0,0.0,0.0,0.0,0.0,0.0
2,2,,0.0,0.0,1.0,0.0,0.0,0.0,0.0,0.0,0.0,0.0
8,8,,0.0,0.0,0.0,0.0,0.0,0.0,0.0,0.0,1.0,0.0
3,3,,0.0,0.0,0.0,1.0,0.0,0.0,0.0,0.0,0.0,0.0
4,4,,0.0,0.0,0.0,0.0,1.0,0.0,0.0,0.0,0.0,0.0
3,3,,0.0,0.0,0.0,1.0,0.0,0.0,0.0,0.0,0.0,0.0
8,8,,0.0,0.0,0.0,0.0,0.0,0.0,0.0,0.0,1.0,0.0
0,0,,1.0,0.0,0.0,0.0,0.0,0.0,0.0,0.0,0.0,0.0
1,1,,0.0,1.0,0.0,0.0,0.0,0.0,0.0,0.0,0.0,0.0
7,7,,0.0,0.0,0.0,0.0,0.0,0.0,0.0,1.0,0.0,0.0
8,8,,0.0,0.0,0.0,0.0,0.0,0.0,0.0,0.0,1.0,0.0
7,7,,0.0,0.0,0.0,0.0,0.0,0.0,0.0,1.0,0.0,0.0
9,9,,0.0,0.0,0.0,0.0,0.0,0.0,0.0,0.0,0.0,1.0
2,0,,1.0,0.0,0.0,0.0,0.0,0.0,0.0,0.0,0.0,0.0
2,2,,0.0,0.0,1.0,0.0,0.0,0.0,0.0,0.0,0.0,0.0
2,2,,0.0,0.0,1.0,0.0,0.0,0.0,0.0,0.0,0.0,0.0
3,3,,0.0,0.0,0.0,1.0,0.0,0.0,0.0,0.0,0.0,0.0
9,9,,0.0,0.0,0.0,0.0,0.0,0.0,0.0,0.0,0.0,1.0
1,8,,0.0,0.0,0.0,0.0,0.0,0.0,0.0,0.0,1.0,0.0
6,6,,0.0,0.0,0.0,0.0,0.0,0.0,1.0,0.0,0.0,0.0
9,9,,0.0,0.0,0.0,0.0,0.0,0.0,0.0,0.0,0.0,1.0
3,3,,0.0,0.0,0.0,1.0,0.0,0.0,0.0,0.0,0.0,0.0
2,2,,0.0,0.0,1.0,0.0,0.0,0.0,0.0,0.0,0.0,0.0
1,1,,0.0,1.0,0.0,0.0,0.0,0.0,0.0,0.0,0.0,0.0
2,2,,0.0,0.0,1.0,0.0,0.0,0.0,0.0,0.0,0.0,0.0
1,1,,0.0,1.0,0.0,0.0,0.0,0.0,0.0,0.0,0.0,0.0
2,2,,0.0,0.0,1.0,0.0,0.0,0.0,0.0,0.0,0.0,0.0
4,4,,0.0,0.0,0.0,0.0,1.0,0.0,0.0,0.0,0.0,0.0
0,0,,1.0,0.0,0.0,0.0,0.0,0.0,0.0,0.0,0.0,0.0
4,4,,0.0,0.0,0.0,0.0,1.0,0.0,0.0,0.0,0.0,0.0
8,0,,1.0,0.0,0.0,0.0,0.0,0.0,0.0,0.0,0.0,0.0
2,0,,1.0,0.0,0.0,0.0,0.0,0.0,0.0,0.0,0.0,0.0
5,5,,0.0,0.0,0.0,0.0,0.0,1.0,0.0,0.0,0.0,0.0
8,3,,0.0,0.0,0.0,1.0,0.0,0.0,0.0,0.0,0.0,0.0
8,9,,0.0,0.0,0.0,0.0,0.0,0.0,0.0,0.0,0.0,1.0
0,0,,1.0,0.0,0.0,0.0,0.0,0.0,0.0,0.0,0.0,0.0
6,6,,0.0,0.0,0.0,0.0,0.0,0.0,1.0,0.0,0.0,0.0
8,0,,1.0,0.0,0.0,0.0,0.0,0.0,0.0,0.0,0.0,0.0
3,3,,0.0,0.0,0.0,1.0,0.0,0.0,0.0,0.0,0.0,0.0
9,9,,0.0,0.0,0.0,0.0,0.0,0.0,0.0,0.0,0.0,1.0
0,0,,1.0,0.0,0.0,0.0,0.0,0.0,0.0,0.0,0.0,0.0
8,8,,0.0,0.0,0.0,0.0,0.0,0.0,0.0,0.0,1.0,0.0
6,6,,0.0,0.0,0.0,0.0,0.0,0.0,1.0,0.0,0.0,0.0
7,7,,0.0,0.0,0.0,0.0,0.0,0.0,0.0,1.0,0.0,0.0
8,8,,0.0,0.0,0.0,0.0,0.0,0.0,0.0,0.0,1.0,0.0
8,9,,0.0,0.0,0.0,0.0,0.0,0.0,0.0,0.0,0.0,1.0
2,2,,0.0,0.0,1.0,0.0,0.0,0.0,0.0,0.0,0.0,0.0
0,0,,1.0,0.0,0.0,0.0,0.0,0.0,0.0,0.0,0.0,0.0
5,2,,0.0,0.0,1.0,0.0,0.0,0.0,0.0,0.0,0.0,0.0
0,0,,1.0,0.0,0.0,0.0,0.0,0.0,0.0,0.0,0.0,0.0
5,5,,0.0,0.0,0.0,0.0,0.0,1.0,0.0,0.0,0.0,0.0
5,3,,0.0,0.0,0.0,1.0,0.0,0.0,0.0,0.0,0.0,0.0
3,3,,0.0,0.0,0.0,1.0,0.0,0.0,0.0,0.0,0.0,0.0
9,9,,0.0,0.0,0.0,0.0,0.0,0.0,0.0,0.0,0.0,1.0
8,0,,1.0,0.0,0.0,0.0,0.0,0.0,0.0,0.0,0.0,0.0
9,9,,0.0,0.0,0.0,0.0,0.0,0.0,0.0,0.0,0.0,1.0
0,0,,1.0,0.0,0.0,0.0,0.0,0.0,0.0,0.0,0.0,0.0
1,1,,0.0,1.0,0.0,0.0,0.0,0.0,0.0,0.0,0.0,0.0
7,7,,0.0,0.0,0.0,0.0,0.0,0.0,0.0,1.0,0.0,0.0
2,2,,0.0,0.0,1.0,0.0,0.0,0.0,0.0,0.0,0.0,0.0
1,8,,0.0,0.0,0.0,0.0,0.0,0.0,0.0,0.0,1.0,0.0
5,9,,0.0,0.0,0.0,0.0,0.0,0.0,0.0,0.0,0.0,1.0
7,7,,0.0,0.0,0.0,0.0,0.0,0.0,0.0,1.0,0.0,0.0
6,6,,0.0,0.0,0.0,0.0,0.0,0.0,1.0,0.0,0.0,0.0
0,0,,1.0,0.0,0.0,0.0,0.0,0.0,0.0,0.0,0.0,0.0
9,9,,0.0,0.0,0.0,0.0,0.0,0.0,0.0,0.0,0.0,1.0
5,0,,1.0,0.0,0.0,0.0,0.0,0.0,0.0,0.0,0.0,0.0
1,3,,0.0,0.0,0.0,1.0,0.0,0.0,0.0,0.0,0.0,0.0
6,6,,0.0,0.0,0.0,0.0,0.0,0.0,1.0,0.0,0.0,0.0
7,7,,0.0,0.0,0.0,0.0,0.0,0.0,0.0,1.0,0.0,0.0
4,4,,0.0,0.0,0.0,0.0,1.0,0.0,0.0,0.0,0.0,0.0
2,9,,0.0,0.0,0.0,0.0,0.0,0.0,0.0,0.0,0.0,1.0
2,2,,0.0,0.0,1.0,0.0,0.0,0.0,0.0,0.0,0.0,0.0
0,0,,1.0,0.0,0.0,0.0,0.0,0.0,0.0,0.0,0.0,0.0
9,9,,0.0,0.0,0.0,0.0,0.0,0.0,0.0,0.0,0.0,1.0
8,3,,0.0,0.0,0.0,1.0,0.0,0.0,0.0,0.0,0.0,0.0
9,9,,0.0,0.0,0.0,0.0,0.0,0.0,0.0,0.0,0.0,1.0
3,3,,0.0,0.0,0.0,1.0,0.0,0.0,0.0,0.0,0.0,0.0
